ID,score_tag,agreement,subjectivity,confidence,irony,Happy,Fear,Sad,Bored,Angry,Excited,Class
1,NEU,DISAGREEMENT,OBJECTIVE,94,NONIRONIC,0.0471684902,0.1601284647,0.1977357137,0.1912157473,0.3303543902,0.0733971939,0
2,NEU,DISAGREEMENT,SUBJECTIVE,92,NONIRONIC,0.0414859142,0.049029369,0.0972997037,0.0,0.7703394214,0.0418455918,1
3,P,AGREEMENT,OBJECTIVE,100,NONIRONIC,0.1453619836,0.3828331069,0.2222872244,0.0405979317,0.0829021877,0.1260175658,1
4,N,DISAGREEMENT,OBJECTIVE,86,NONIRONIC,0.1494584422,0.1233261023,0.2742768854,0.0991589423,0.2121254602,0.1416541676,1
5,NEU,DISAGREEMENT,SUBJECTIVE,94,NONIRONIC,0.4528723429,0.0640731406,0.0787464326,0.0397989692,0.2560151566,0.1084939581,0
6,P,AGREEMENT,OBJECTIVE,100,NONIRONIC,0.0401142869,0.1731867284,0.1613018106,0.3132624372,0.211192613,0.1009421239,0
7,NONE,AGREEMENT,OBJECTIVE,100,NONIRONIC,0.1150246588,0.0995762845,0.0747684387,0.4202686526,0.1522332332,0.1381287323,1
8,N,AGREEMENT,SUBJECTIVE,92,NONIRONIC,0.0279401992,0.082964189,0.1381910184,0.0478001019,0.6421665772,0.0609379142,0
9,N,DISAGREEMENT,OBJECTIVE,94,NONIRONIC,0.0809758388,0.177768999,0.2159687121,0.1072031383,0.3083909364,0.1096923754,1
10,N,DISAGREEMENT,SUBJECTIVE,94,NONIRONIC,0.0433868145,0.2125181057,0.1780757348,0.2423449696,0.2482845711,0.0753898043,0
11,P,AGREEMENT,SUBJECTIVE,100,NONIRONIC,0.1859301505,0.1864414975,0.171631605,0.0755628448,0.2220072694,0.1584266328,1
12,NONE,AGREEMENT,OBJECTIVE,100,NONIRONIC,0.265715491,0.164976549,0.1104608599,0.0278905945,0.221637561,0.2093189447,0
13,N,DISAGREEMENT,SUBJECTIVE,94,NONIRONIC,0.1213147983,0.2622983904,0.1633972967,0.165301221,0.1494696309,0.1382186626,0
14,N,DISAGREEMENT,OBJECTIVE,86,NONIRONIC,0.0294614675,0.1285588321,0.1672184907,0.0386626505,0.5824621889,0.0536363703,0
15,P,DISAGREEMENT,SUBJECTIVE,86,NONIRONIC,0.0369439659,0.163035344,0.2528488003,0.1211352744,0.3660721754,0.0599644399,0
16,NEU,DISAGREEMENT,SUBJECTIVE,94,NONIRONIC,0.2666955281,0.1936777459,0.0624005886,0.0657572126,0.163195407,0.2482735178,1
17,N,DISAGREEMENT,SUBJECTIVE,94,NONIRONIC,0.0790893301,0.1762969371,0.2247014538,0.0894664539,0.3551276851,0.0753181401,0
18,P,AGREEMENT,OBJECTIVE,100,NONIRONIC,0.0401142869,0.1731867284,0.1613018106,0.3132624372,0.211192613,0.1009421239,0
19,NONE,AGREEMENT,SUBJECTIVE,100,NONIRONIC,0.0152934437,0.4393285369,0.3260273407,0.0479413729,0.1076795325,0.0637297733,0
20,P,DISAGREEMENT,SUBJECTIVE,92,NONIRONIC,0.2239475406,0.173870939,0.1089006438,0.084052938,0.1542469025,0.2549810361,0
21,N,AGREEMENT,OBJECTIVE,92,NONIRONIC,0.2051473059,0.1750126884,0.1395161799,0.1001061991,0.229227566,0.1509900607,0
22,NONE,AGREEMENT,OBJECTIVE,100,NONIRONIC,0.1141111662,0.2999006208,0.1335173806,0.1768527418,0.1109170393,0.1647010513,0
23,NONE,AGREEMENT,OBJECTIVE,100,NONIRONIC,0.2404701596,0.2228775632,0.1173186279,0.0491207518,0.0999041609,0.2703087366,0
24,P,AGREEMENT,SUBJECTIVE,100,NONIRONIC,0.2263107236,0.0476348678,0.0382658242,0.0268478572,0.2107406426,0.4502000846,0
25,N,DISAGREEMENT,SUBJECTIVE,94,NONIRONIC,0.3505067907,0.0963486298,0.1261605367,0.1180859513,0.1854577826,0.123440309,0
26,NEU,DISAGREEMENT,SUBJECTIVE,86,NONIRONIC,0.1484733133,0.2862631876,0.2198139801,0.0769309791,0.1350877586,0.1334307813,0
27,N,DISAGREEMENT,SUBJECTIVE,94,NONIRONIC,0.2355135856,0.1405552276,0.1402400662,0.0446145866,0.2398071597,0.1992693744,0
28,P,AGREEMENT,OBJECTIVE,100,NONIRONIC,0.2159635546,0.195476818,0.1436575864,0.0984944831,0.1461811114,0.2002264465,0
29,NONE,AGREEMENT,OBJECTIVE,100,NONIRONIC,0.1949024231,0.1353206414,0.0920413405,0.0364981595,0.2315100368,0.3097273988,0
30,NEU,DISAGREEMENT,OBJECTIVE,86,NONIRONIC,0.0402114921,0.1894378255,0.21657387,0.1215469249,0.3680129061,0.0642169813,0
31,P,AGREEMENT,OBJECTIVE,100,NONIRONIC,0.1647970287,0.1871317772,0.1568787076,0.0468450659,0.2399471929,0.2044002277,0
32,P,AGREEMENT,OBJECTIVE,100,NONIRONIC,0.1140732763,0.1250462122,0.0920286347,0.3549409539,0.1172149547,0.1966959682,0
33,P+,AGREEMENT,SUBJECTIVE,92,NONIRONIC,0.0410617277,0.2270071132,0.2059082699,0.1704783418,0.2242475457,0.1312970017,0
34,N,AGREEMENT,OBJECTIVE,100,NONIRONIC,0.0889568557,0.1875625522,0.1949072439,0.0677699082,0.3062073522,0.154596088,0
35,NEU,DISAGREEMENT,SUBJECTIVE,94,NONIRONIC,0.0495894222,0.1509547425,0.1553012668,0.128880754,0.3261682152,0.1891055991,0
36,NONE,AGREEMENT,OBJECTIVE,100,NONIRONIC,0.0618156633,0.1749744541,0.2529257137,0.1212757303,0.2452628108,0.1437456278,0
37,P,AGREEMENT,OBJECTIVE,100,NONIRONIC,0.1575914367,0.2120258826,0.1461824979,0.0667491442,0.21686242,0.2005886185,0
38,N+,AGREEMENT,SUBJECTIVE,92,NONIRONIC,0.0803990347,0.1730464202,0.1762055852,0.2613948138,0.1725352265,0.1364189196,0
39,N+,AGREEMENT,SUBJECTIVE,90,NONIRONIC,0.0767085947,0.1920057823,0.2653891208,0.0572439449,0.2898344036,0.1188181538,0
40,P,AGREEMENT,OBJECTIVE,100,NONIRONIC,0.1776297417,0.0734512383,0.0876977569,0.1564484176,0.120740796,0.3840320495,0
41,P,AGREEMENT,OBJECTIVE,100,NONIRONIC,0.7429664548,0.0386458447,0.0134241015,0.0052490584,0.0243656993,0.1753488413,0
42,NEU,DISAGREEMENT,SUBJECTIVE,94,NONIRONIC,0.0920341686,0.1421829188,0.1219588647,0.294419753,0.1624680016,0.1869362933,0
43,NEU,DISAGREEMENT,SUBJECTIVE,94,NONIRONIC,0.063467289,0.2551918034,0.2169683448,0.1104899108,0.1629316944,0.1909509576,0
44,N,DISAGREEMENT,SUBJECTIVE,86,NONIRONIC,0.1270489928,0.3029371712,0.1750406189,0.0344206455,0.1948468088,0.1657057628,0
45,N+,AGREEMENT,OBJECTIVE,100,NONIRONIC,0.0568286764,0.178441183,0.1603844819,0.2225273958,0.2238174853,0.1580007777,0
46,N,DISAGREEMENT,SUBJECTIVE,86,NONIRONIC,0.4627045235,0.2383990052,0.0817521363,0.0326611847,0.0668402396,0.1176429107,0
47,N,AGREEMENT,OBJECTIVE,100,NONIRONIC,0.1123712734,0.1661028647,0.1526574327,0.1042290399,0.2863727703,0.178266619,0
48,NEU,DISAGREEMENT,SUBJECTIVE,94,NONIRONIC,0.1738309314,0.2549060578,0.1893915323,0.0662604463,0.1102898932,0.2053211391,0
49,N,AGREEMENT,OBJECTIVE,89,NONIRONIC,0.0634214448,0.1609589082,0.2274315577,0.1290264279,0.3508335347,0.0683281267,0
50,P,AGREEMENT,OBJECTIVE,92,NONIRONIC,0.1296136794,0.1144642722,0.082835397,0.2776916477,0.1962023497,0.199192654,0
51,P,DISAGREEMENT,SUBJECTIVE,86,NONIRONIC,0.0856109239,0.1877839934,0.2332571902,0.0830114232,0.2935043136,0.1168321558,0
52,NONE,AGREEMENT,OBJECTIVE,100,NONIRONIC,0.0769559286,0.1064718058,0.2505384796,0.0895460488,0.4064442002,0.0700435369,0
53,P,AGREEMENT,OBJECTIVE,100,NONIRONIC,0.1705787618,0.1672753543,0.2179797606,0.0445303703,0.1846332175,0.2150025354,0
54,P,AGREEMENT,SUBJECTIVE,100,NONIRONIC,0.4279813624,0.0972150657,0.0261626751,0.0,0.1239478095,0.3246930873,0
55,NONE,AGREEMENT,OBJECTIVE,100,NONIRONIC,0.1306947855,0.3443594356,0.1050874649,0.0604648187,0.1290228444,0.2303706507,0
56,NEU,DISAGREEMENT,SUBJECTIVE,94,NONIRONIC,0.0770755493,0.2012677855,0.2135128043,0.2080947743,0.1977630277,0.1022860589,0
57,NONE,AGREEMENT,OBJECTIVE,100,NONIRONIC,0.1255188895,0.255580953,0.1196753141,0.1570826639,0.1362920683,0.2058501111,0
58,N,AGREEMENT,OBJECTIVE,100,NONIRONIC,0.0207938748,0.1604086674,0.1354926608,0.407263606,0.1599763094,0.1160648816,0
59,P,AGREEMENT,SUBJECTIVE,100,NONIRONIC,0.045948504,0.341520439,0.2319071822,0.0663245578,0.2084223731,0.1058769439,0
60,P,AGREEMENT,SUBJECTIVE,100,NONIRONIC,0.1085129459,0.1416506688,0.1542997515,0.2650486728,0.153735547,0.1767524141,0
61,N+,AGREEMENT,SUBJECTIVE,100,NONIRONIC,0.0664402077,0.1252117444,0.1396984906,0.2580366609,0.3339389957,0.0766739008,0
62,P,AGREEMENT,OBJECTIVE,100,NONIRONIC,0.1812266025,0.0873997797,0.0559830197,0.0,0.2354279241,0.4399626741,0
63,NONE,AGREEMENT,OBJECTIVE,100,NONIRONIC,0.083959725,0.1166175404,0.1813612257,0.0733667628,0.4436011057,0.1010936404,0
64,P,AGREEMENT,SUBJECTIVE,92,NONIRONIC,0.1462061529,0.1507744171,0.141840182,0.085068276,0.3104640873,0.1656468847,0
65,NEU,DISAGREEMENT,SUBJECTIVE,94,NONIRONIC,0.1053894986,0.2676482505,0.1709791137,0.0576295213,0.1634999307,0.2348536851,0
66,NONE,AGREEMENT,SUBJECTIVE,100,NONIRONIC,0.0720110568,0.3994737088,0.1894022508,0.0348954512,0.1570604091,0.1471571234,1
67,P,DISAGREEMENT,SUBJECTIVE,86,NONIRONIC,0.0927588005,0.1059514063,0.2533025799,0.0861293563,0.3265369562,0.1353209008,1
68,N,AGREEMENT,SUBJECTIVE,100,NONIRONIC,0.0536670206,0.1682054204,0.2238776319,0.2149717453,0.2883039904,0.0509741914,0
69,P,AGREEMENT,OBJECTIVE,92,NONIRONIC,0.1257778247,0.1642609389,0.1909064182,0.0681009314,0.2658578655,0.1850960213,0
70,N,AGREEMENT,SUBJECTIVE,100,NONIRONIC,0.1415022913,0.1811774064,0.1166260557,0.1098578733,0.2932633436,0.1575730296,0
71,P+,AGREEMENT,SUBJECTIVE,100,NONIRONIC,0.1459516806,0.1509012191,0.2666387915,0.0734355111,0.2141789505,0.1488938473,1
72,P,AGREEMENT,OBJECTIVE,92,NONIRONIC,0.0500908151,0.1791407205,0.2238350482,0.1363882415,0.3015506485,0.1089945262,0
73,N,DISAGREEMENT,SUBJECTIVE,94,NONIRONIC,0.1920410497,0.0868316239,0.1133778835,0.1472532712,0.3490910411,0.1114051306,1
74,N,AGREEMENT,OBJECTIVE,100,NONIRONIC,0.1519545982,0.2563957352,0.1557638505,0.0747963149,0.143728694,0.2173608071,0
75,N,DISAGREEMENT,SUBJECTIVE,94,NONIRONIC,0.0498048739,0.1016420062,0.1786160549,0.0387650515,0.5732992118,0.0578728018,0
76,N,AGREEMENT,SUBJECTIVE,100,NONIRONIC,0.0502079533,0.3047537297,0.2148005937,0.0590035226,0.2761428466,0.0950913542,0
77,N,DISAGREEMENT,SUBJECTIVE,94,NONIRONIC,0.0350660878,0.1267132873,0.1316461546,0.1330861638,0.5125719942,0.0609163123,0
78,P,AGREEMENT,SUBJECTIVE,100,NONIRONIC,0.0467565099,0.1867545122,0.3409488637,0.1091810809,0.2392572784,0.0771017549,0
79,NONE,AGREEMENT,OBJECTIVE,100,NONIRONIC,0.1831126753,0.2408878509,0.1111408694,0.046005105,0.1178421918,0.3010113075,0
80,N,AGREEMENT,OBJECTIVE,92,NONIRONIC,0.0566560778,0.216902427,0.2307589573,0.1968147252,0.1863076943,0.1125601185,0
81,P+,AGREEMENT,SUBJECTIVE,100,NONIRONIC,0.0436230247,0.1905174895,0.2521722066,0.1236902096,0.3196440169,0.0703530526,0
82,N,AGREEMENT,SUBJECTIVE,100,NONIRONIC,0.1741721217,0.1127261992,0.2238966679,0.0,0.3248030266,0.1644019846,0
83,P,DISAGREEMENT,SUBJECTIVE,86,NONIRONIC,0.0837658841,0.1144530545,0.1671104722,0.0509247137,0.4956323175,0.0881135581,0
84,NONE,AGREEMENT,SUBJECTIVE,100,NONIRONIC,0.0773965039,0.1622704868,0.2379250397,0.1073009551,0.3243063678,0.0908006466,0
85,NEU,DISAGREEMENT,SUBJECTIVE,86,NONIRONIC,0.0920546989,0.1712371821,0.2223057038,0.0742783804,0.2866765258,0.1534475091,0
86,N,AGREEMENT,OBJECTIVE,97,NONIRONIC,0.1314689135,0.2171688302,0.1388206271,0.0771610462,0.2627975431,0.1725830398,0
87,P,AGREEMENT,OBJECTIVE,100,NONIRONIC,0.0553876775,0.1793403751,0.1563378781,0.1975180944,0.3006662967,0.1107496782,0
88,P,AGREEMENT,SUBJECTIVE,82,IRONIC,0.0198008472,0.1197916109,0.0592479861,0.0336476627,0.7345671293,0.0329447639,0
89,N+,AGREEMENT,OBJECTIVE,100,NONIRONIC,0.0773761065,0.11592471,0.1456439292,0.0679737444,0.437567642,0.1555138678,0
90,NONE,AGREEMENT,OBJECTIVE,100,NONIRONIC,0.1787129615,0.1353402956,0.1491899331,0.1255932426,0.2257957804,0.1853677868,0
91,P,AGREEMENT,OBJECTIVE,100,NONIRONIC,0.1713631895,0.168675279,0.1137484063,0.080159852,0.2117570726,0.2542962006,0
92,NEU,DISAGREEMENT,SUBJECTIVE,86,NONIRONIC,0.1080117492,0.1155627645,0.1398239572,0.132620656,0.4183890835,0.0855917896,0
93,N,AGREEMENT,OBJECTIVE,100,NONIRONIC,0.0585911435,0.2037967147,0.2013010315,0.1228550376,0.2799441336,0.1335119391,0
94,NONE,AGREEMENT,OBJECTIVE,100,NONIRONIC,0.1445943737,0.3191981671,0.1831029894,0.0664552378,0.0975207498,0.1891284823,0
95,P,AGREEMENT,SUBJECTIVE,100,NONIRONIC,0.1950287759,0.1798540001,0.1656550792,0.0275746971,0.2455201425,0.1863673052,0
96,P,AGREEMENT,OBJECTIVE,100,NONIRONIC,0.1200038354,0.1998857095,0.1883698558,0.151094805,0.1869120626,0.1537337317,0
97,N,DISAGREEMENT,SUBJECTIVE,94,NONIRONIC,0.0497367543,0.1618588332,0.2660731004,0.0905675989,0.3568328898,0.0749308235,0
98,N+,AGREEMENT,SUBJECTIVE,100,NONIRONIC,0.106594939,0.1642047006,0.169893179,0.2165113591,0.1999830629,0.1428127594,0
99,N,AGREEMENT,SUBJECTIVE,100,NONIRONIC,0.0724641239,0.1898145518,0.1652522821,0.1603050384,0.2685582977,0.1436057061,0
100,P+,AGREEMENT,OBJECTIVE,92,NONIRONIC,0.0802582268,0.1447129908,0.2474967157,0.119376237,0.3104000428,0.0977557869,0
101,P,AGREEMENT,SUBJECTIVE,100,NONIRONIC,0.1383559679,0.1797139596,0.1536179891,0.093540388,0.2238450929,0.2109266025,0
102,N,AGREEMENT,SUBJECTIVE,100,NONIRONIC,0.0569877906,0.1981305555,0.1644314528,0.1072859817,0.3732983171,0.0998659024,0
103,N,AGREEMENT,OBJECTIVE,100,NONIRONIC,0.1109056304,0.2200539003,0.2037036422,0.0797805571,0.2206530848,0.1649031852,0
104,N+,AGREEMENT,SUBJECTIVE,98,NONIRONIC,0.0461267556,0.1241801669,0.1473149087,0.2968268597,0.2431147527,0.1424365565,0
105,N,AGREEMENT,OBJECTIVE,100,NONIRONIC,0.0532544846,0.1118895629,0.1074371074,0.0219900978,0.5989749441,0.1064538032,0
106,N,AGREEMENT,SUBJECTIVE,100,NONIRONIC,0.1104950752,0.2086089743,0.1458305424,0.2863615113,0.1360864978,0.1126173991,0
107,P,AGREEMENT,OBJECTIVE,100,NONIRONIC,0.1953059025,0.1807197602,0.1038495559,0.0438612214,0.2149271924,0.2613363677,0
108,P,AGREEMENT,OBJECTIVE,92,NONIRONIC,0.0741010651,0.1592758872,0.1529333594,0.1071962637,0.384590247,0.1219031777,0
109,NEU,DISAGREEMENT,SUBJECTIVE,94,NONIRONIC,0.1495309767,0.2124072745,0.1665281361,0.1133103257,0.1744824306,0.1837408565,0
110,NONE,AGREEMENT,OBJECTIVE,100,NONIRONIC,0.181726298,0.2567287974,0.1875055076,0.0533308783,0.1328035337,0.1879049851,0
111,N,AGREEMENT,OBJECTIVE,92,NONIRONIC,0.1864544924,0.1691747305,0.2281519388,0.0726918479,0.1817315884,0.161795402,0
112,NONE,AGREEMENT,SUBJECTIVE,100,NONIRONIC,0.2295956571,0.2166227901,0.1767446759,0.0317495752,0.1678025115,0.1774847902,0
113,NONE,AGREEMENT,OBJECTIVE,100,NONIRONIC,0.1223897368,0.1992968872,0.1471687457,0.100369261,0.1697891631,0.2609862062,0
114,NEU,DISAGREEMENT,SUBJECTIVE,94,NONIRONIC,0.1049255301,0.1174757977,0.2384324162,0.1119002366,0.3650149459,0.0622510734,0
115,NEU,DISAGREEMENT,OBJECTIVE,94,NONIRONIC,0.075816499,0.1010815006,0.1153340007,0.0628600609,0.5369905233,0.1079174155,0
116,NONE,AGREEMENT,OBJECTIVE,100,NONIRONIC,0.2937740002,0.0769201462,0.131388342,0.0365927373,0.1374418841,0.3238828901,0
117,P,DISAGREEMENT,OBJECTIVE,86,NONIRONIC,0.1170220679,0.1395583684,0.1797783547,0.0665565045,0.3925771283,0.1045075763,0
118,N,DISAGREEMENT,SUBJECTIVE,94,NONIRONIC,0.1234573366,0.1411277636,0.132981976,0.227295126,0.1815893821,0.1935484157,0
119,N,AGREEMENT,OBJECTIVE,100,NONIRONIC,0.0903610937,0.2167029298,0.1439960626,0.1001413637,0.2426275657,0.2061709844,0
120,N+,AGREEMENT,SUBJECTIVE,100,NONIRONIC,0.0345511993,0.179020424,0.2233828405,0.2038654054,0.3089614533,0.0502186775,0
121,NONE,AGREEMENT,OBJECTIVE,100,NONIRONIC,0.1135094274,0.1495936155,0.0890668535,0.2107965153,0.2237596973,0.213273891,0
122,P,DISAGREEMENT,SUBJECTIVE,92,NONIRONIC,0.2282876288,0.1822575636,0.102680902,0.0900794512,0.1466964416,0.2499980128,0
123,P+,AGREEMENT,OBJECTIVE,92,NONIRONIC,0.1645115972,0.2068640565,0.1048917978,0.0662586988,0.2025678298,0.2549060198,0
124,P,DISAGREEMENT,OBJECTIVE,92,NONIRONIC,0.1839160074,0.2416585172,0.1053074156,0.0777212039,0.1959099085,0.1954869475,0
125,N,DISAGREEMENT,SUBJECTIVE,94,NONIRONIC,0.0309425878,0.2280505797,0.1786643122,0.0407394746,0.4804786794,0.0411243662,0
126,P,AGREEMENT,SUBJECTIVE,100,NONIRONIC,0.1555625502,0.33951137,0.2534251147,0.0319059583,0.0882711099,0.1313238969,0
127,NONE,AGREEMENT,OBJECTIVE,100,NONIRONIC,0.1824299563,0.1750388506,0.1879561514,0.0,0.3002029215,0.1543721203,0
128,N,AGREEMENT,SUBJECTIVE,100,NONIRONIC,0.108433853,0.1563735674,0.1985249682,0.1283155951,0.2577294733,0.150622543,0
129,N,AGREEMENT,OBJECTIVE,100,NONIRONIC,0.0533803032,0.1645634779,0.2468359028,0.132161948,0.3357779621,0.0672804061,0
130,N,AGREEMENT,OBJECTIVE,100,NONIRONIC,0.2052804966,0.1469311679,0.0643501726,0.0325031739,0.0573294186,0.4936055704,0
131,N,DISAGREEMENT,SUBJECTIVE,94,NONIRONIC,0.0782613567,0.1828019046,0.1754560102,0.0850279765,0.3924630544,0.0859896976,0
132,N,DISAGREEMENT,OBJECTIVE,94,NONIRONIC,0.0904907948,0.13124823,0.1293423519,0.0735942268,0.4213703648,0.1539540316,0
133,N+,AGREEMENT,OBJECTIVE,92,NONIRONIC,0.0492461707,0.2683754799,0.2253701119,0.0907507412,0.3024202458,0.0638372504,0
134,P,AGREEMENT,OBJECTIVE,92,NONIRONIC,0.0963365995,0.1816950245,0.1456503002,0.2157199947,0.2341381588,0.1264599222,0
135,P,DISAGREEMENT,OBJECTIVE,91,NONIRONIC,0.0725375903,0.1839283587,0.2218811115,0.138951964,0.249269643,0.1334313325,0
136,P+,AGREEMENT,OBJECTIVE,92,NONIRONIC,0.1071553774,0.1318196507,0.1913041733,0.1369843999,0.3347209882,0.0980154106,0
137,N,AGREEMENT,OBJECTIVE,100,NONIRONIC,0.0963879464,0.2415728626,0.175088777,0.0647067986,0.3014408979,0.1208027176,0
138,NONE,AGREEMENT,OBJECTIVE,100,NONIRONIC,0.1364067433,0.2453628693,0.177960999,0.0809992244,0.1663021195,0.1929680445,0
139,P,AGREEMENT,OBJECTIVE,97,NONIRONIC,0.3285357972,0.1270162655,0.0201483136,0.0102488606,0.070025204,0.4440255592,0
140,N,AGREEMENT,OBJECTIVE,100,NONIRONIC,0.0318533579,0.2491366667,0.2060312357,0.0411563526,0.3986730598,0.0731493272,0
141,N,DISAGREEMENT,SUBJECTIVE,94,NONIRONIC,0.036625598,0.1453040215,0.1614093766,0.0698921701,0.4769951044,0.1097737295,0
142,N,DISAGREEMENT,SUBJECTIVE,94,NONIRONIC,0.0387997988,0.1764377757,0.2106001469,0.0933003909,0.405142391,0.0757194968,0
143,N,AGREEMENT,OBJECTIVE,100,NONIRONIC,0.089398405,0.1512399099,0.1945368056,0.1256782283,0.3346718537,0.1044747975,0
144,P,AGREEMENT,SUBJECTIVE,100,NONIRONIC,0.1310614997,0.2068697282,0.1830087834,0.0842222448,0.2471469276,0.1476908164,0
145,N,AGREEMENT,OBJECTIVE,97,NONIRONIC,0.134209709,0.2342063171,0.1350540733,0.036968542,0.2771717526,0.1823896059,0
146,N,DISAGREEMENT,OBJECTIVE,94,NONIRONIC,0.1746342754,0.1680888803,0.1168366723,0.1268423052,0.3048067979,0.1087910689,0
147,NEU,DISAGREEMENT,SUBJECTIVE,94,NONIRONIC,0.0633830573,0.1515672624,0.1179482678,0.0420262818,0.5319493995,0.0931257312,0
148,N,AGREEMENT,SUBJECTIVE,92,NONIRONIC,0.0612381835,0.1954962602,0.1691740292,0.1957389112,0.3006625689,0.077690047,0
149,NONE,AGREEMENT,OBJECTIVE,100,NONIRONIC,0.1537277442,0.2347470665,0.1180119021,0.066517333,0.1015282465,0.3254677077,0
150,N,AGREEMENT,SUBJECTIVE,92,NONIRONIC,0.0380498729,0.1112139554,0.158292453,0.0787670991,0.5385538651,0.0751227546,0
151,P,AGREEMENT,SUBJECTIVE,92,NONIRONIC,0.1406133574,0.0785793825,0.0819056401,0.0378775002,0.5338945292,0.1271295905,0
152,N+,AGREEMENT,SUBJECTIVE,98,NONIRONIC,0.0257869479,0.1257212525,0.1917910574,0.3574330708,0.25347345,0.0457942214,0
153,NEU,DISAGREEMENT,OBJECTIVE,86,NONIRONIC,0.0658961835,0.1149612387,0.1073062475,0.2082588402,0.4272800814,0.0762974088,0
154,NEU,DISAGREEMENT,SUBJECTIVE,94,NONIRONIC,0.3015013913,0.2014638945,0.0978934389,0.058365355,0.1333189588,0.2074569615,0
155,P,DISAGREEMENT,SUBJECTIVE,86,NONIRONIC,0.0725378941,0.1194050774,0.1088781501,0.0604015972,0.5202052271,0.1185720541,0
156,P+,AGREEMENT,SUBJECTIVE,98,NONIRONIC,0.2104854928,0.1217306825,0.090651963,0.0987710979,0.2981503707,0.180210393,0
157,NEU,DISAGREEMENT,SUBJECTIVE,94,NONIRONIC,0.3712965698,0.1226700829,0.1377089827,0.0,0.0950970613,0.2732273033,0
158,N,DISAGREEMENT,OBJECTIVE,94,NONIRONIC,0.0640012523,0.174190706,0.2045388347,0.200709728,0.2622223223,0.0943371567,0
159,NEU,DISAGREEMENT,SUBJECTIVE,94,NONIRONIC,0.0322687007,0.1457753234,0.156006671,0.0366656491,0.5756378088,0.0536458469,0
160,N,DISAGREEMENT,SUBJECTIVE,86,NONIRONIC,0.0285368717,0.0990096472,0.1522239625,0.0995634609,0.5927989972,0.0278670604,0
161,NEU,DISAGREEMENT,SUBJECTIVE,94,NONIRONIC,0.174651685,0.0819590266,0.0493074433,0.058090768,0.3081976,0.3277934772,0
162,P,AGREEMENT,OBJECTIVE,100,NONIRONIC,0.2658434621,0.2163021017,0.1193152012,0.048925577,0.077293881,0.2723197771,0
163,N,DISAGREEMENT,OBJECTIVE,94,NONIRONIC,0.1325439327,0.12084665,0.1049051668,0.0409653459,0.2262365199,0.3745023848,0
164,P,AGREEMENT,OBJECTIVE,100,NONIRONIC,0.1109875438,0.1678735433,0.1908532511,0.1473039614,0.2595397059,0.1234419945,0
165,N,AGREEMENT,SUBJECTIVE,100,NONIRONIC,0.1480170981,0.3003789701,0.0980473957,0.1270366987,0.1055332686,0.2209865688,0
166,NEU,DISAGREEMENT,SUBJECTIVE,94,NONIRONIC,0.0510111338,0.2179831142,0.241003756,0.1770322576,0.1898819653,0.1230877731,0
167,NEU,DISAGREEMENT,SUBJECTIVE,91,NONIRONIC,0.31525595,0.1801240129,0.0533952641,0.0330989066,0.1489580516,0.2691678148,0
168,N+,AGREEMENT,SUBJECTIVE,100,NONIRONIC,0.1848515556,0.2141008849,0.1956146466,0.0580494936,0.1158099043,0.2315735151,0
169,N,AGREEMENT,SUBJECTIVE,100,NONIRONIC,0.0739985206,0.2617270446,0.3672463731,0.0445529236,0.173271502,0.0792036361,0
170,P,AGREEMENT,SUBJECTIVE,100,NONIRONIC,0.1714689736,0.2321615258,0.1528457967,0.0534920375,0.2382485152,0.1517831512,0
171,NONE,AGREEMENT,OBJECTIVE,100,NONIRONIC,0.1424928598,0.1841578212,0.1405510038,0.09175668,0.1468607826,0.2941808525,0
172,N,AGREEMENT,SUBJECTIVE,100,NONIRONIC,0.0272971889,0.1310724933,0.138976319,0.1996314524,0.4188842047,0.0841383417,0
173,P,AGREEMENT,OBJECTIVE,100,NONIRONIC,0.2319923916,0.1641998959,0.0985022327,0.0515009104,0.1349434793,0.3188610901,0
174,P,AGREEMENT,SUBJECTIVE,100,NONIRONIC,0.3026781161,0.0884207316,0.065738302,0.0928264642,0.1610830169,0.2892533692,0
175,P,AGREEMENT,OBJECTIVE,100,NONIRONIC,0.1590333923,0.1513832688,0.1581703535,0.0540903504,0.2609789635,0.2163436715,0
176,N,AGREEMENT,OBJECTIVE,100,NONIRONIC,0.0375670951,0.1174174847,0.1464821619,0.4087141781,0.2191060943,0.0707129859,0
177,N,AGREEMENT,OBJECTIVE,100,NONIRONIC,0.0721589261,0.2551932996,0.3286439956,0.0496842812,0.1751769667,0.119142531,0
178,P,DISAGREEMENT,SUBJECTIVE,94,NONIRONIC,0.1254109138,0.3046777822,0.2736487827,0.029899704,0.0829046049,0.1834582123,0
179,N,AGREEMENT,SUBJECTIVE,100,NONIRONIC,0.0702739777,0.1915186238,0.2570677522,0.1930411075,0.16040511,0.1276934288,0
180,NEU,DISAGREEMENT,SUBJECTIVE,94,NONIRONIC,0.0843608331,0.1445750879,0.1935551016,0.0716953599,0.3856560516,0.1201575659,0
181,N,AGREEMENT,SUBJECTIVE,92,NONIRONIC,0.0330927434,0.1772772204,0.2297496433,0.0113107449,0.5116774357,0.0368922122,0
182,P,DISAGREEMENT,OBJECTIVE,94,NONIRONIC,0.1333063221,0.1727904829,0.1320247059,0.1298379998,0.2666071035,0.1654333858,0
183,N+,AGREEMENT,OBJECTIVE,100,NONIRONIC,0.0766877913,0.2398967457,0.1838098022,0.054343684,0.3078283059,0.1374336709,0
184,P,DISAGREEMENT,OBJECTIVE,86,NONIRONIC,0.051652258,0.1419500284,0.1975705077,0.234932557,0.3071715655,0.0667230834,0
185,N,AGREEMENT,SUBJECTIVE,100,NONIRONIC,0.0700920672,0.1512830242,0.1635922042,0.3490654792,0.1746854747,0.0912817505,0
186,P,AGREEMENT,SUBJECTIVE,92,NONIRONIC,0.1924184226,0.1074863472,0.055949082,0.0757742122,0.2189134794,0.3494584565,0
187,NONE,AGREEMENT,OBJECTIVE,100,NONIRONIC,0.1924921475,0.1855905059,0.1507893866,0.0586392753,0.2757497331,0.1367389516,0
188,N,AGREEMENT,SUBJECTIVE,92,NONIRONIC,0.1080946862,0.2013171752,0.2180639425,0.1656012507,0.1319040279,0.1750189175,0
189,P+,AGREEMENT,SUBJECTIVE,92,NONIRONIC,0.0396597451,0.1126814097,0.1301372405,0.1658131007,0.5020526024,0.0496559017,0
190,P,AGREEMENT,OBJECTIVE,100,NONIRONIC,0.2414924906,0.0684268798,0.0220813294,0.0073710361,0.0276700517,0.6329582124,0
191,N,AGREEMENT,SUBJECTIVE,100,NONIRONIC,0.0441813391,0.1030796883,0.1575626999,0.0644348738,0.5586364562,0.0721049427,0
192,N,AGREEMENT,SUBJECTIVE,100,NONIRONIC,0.0732459318,0.1948864617,0.1938759149,0.212784099,0.2396508714,0.0855567212,0
193,P,AGREEMENT,SUBJECTIVE,100,NONIRONIC,0.0945322772,0.2480001808,0.1885020519,0.0874741067,0.2003467752,0.1811446083,0
194,P,AGREEMENT,SUBJECTIVE,100,NONIRONIC,0.1721745933,0.2471756009,0.1536064108,0.064149596,0.1850069806,0.1778868183,0
195,N,AGREEMENT,OBJECTIVE,100,NONIRONIC,0.0077709591,0.3047349317,0.2314712947,0.0468090805,0.3844162585,0.0247974756,0
196,N,DISAGREEMENT,SUBJECTIVE,92,NONIRONIC,0.1200222578,0.259634765,0.2718961598,0.0676478353,0.1509075354,0.1298914467,0
197,N,AGREEMENT,OBJECTIVE,92,NONIRONIC,0.0607184375,0.1677104247,0.2507042657,0.1184659744,0.32161078,0.0807901178,0
198,N+,DISAGREEMENT,SUBJECTIVE,92,NONIRONIC,0.2181513677,0.2083903755,0.2010162366,0.0816093034,0.1615295162,0.1293032007,0
199,N,AGREEMENT,OBJECTIVE,100,NONIRONIC,0.1268296873,0.1820383372,0.0987318409,0.0747854958,0.3152762253,0.2023384136,0
200,N+,AGREEMENT,OBJECTIVE,100,NONIRONIC,0.1187400028,0.2316245572,0.1013421232,0.0713195947,0.2500455542,0.2269281679,0
201,N,DISAGREEMENT,SUBJECTIVE,86,NONIRONIC,0.0258713203,0.1294926348,0.3037814885,0.0696728311,0.4239716279,0.0472100973,0
202,P,AGREEMENT,OBJECTIVE,92,NONIRONIC,0.1001516023,0.3289975009,0.134651156,0.0795547009,0.1411606112,0.2154844287,0
203,N+,DISAGREEMENT,OBJECTIVE,94,NONIRONIC,0.1101516786,0.1746977963,0.1200760798,0.0666141034,0.2342245276,0.2942358142,0
204,NONE,AGREEMENT,OBJECTIVE,100,NONIRONIC,0.0722588753,0.2373417499,0.3944102431,0.0716933056,0.1246224605,0.0996733656,0
205,P+,AGREEMENT,SUBJECTIVE,92,NONIRONIC,0.063384581,0.0798701371,0.0826406774,0.0761403798,0.639231921,0.0587323036,0
206,N,AGREEMENT,OBJECTIVE,100,NONIRONIC,0.0824070405,0.2002157021,0.1905009404,0.1467912803,0.2418500582,0.1382349784,0
207,P,AGREEMENT,SUBJECTIVE,92,NONIRONIC,0.1096419734,0.098506556,0.0920369945,0.1571141524,0.4552259414,0.0874743824,0
208,N,AGREEMENT,OBJECTIVE,100,NONIRONIC,0.0715806385,0.2038660724,0.1846377101,0.0893637573,0.3004176344,0.1501341874,0
209,P,AGREEMENT,SUBJECTIVE,100,NONIRONIC,0.0727838651,0.2204163981,0.221620915,0.1721690044,0.1731098145,0.1399000028,0
210,N,AGREEMENT,SUBJECTIVE,100,NONIRONIC,0.1195593365,0.2108059212,0.1391336535,0.2282290583,0.1264008911,0.1758711394,0
211,P+,AGREEMENT,SUBJECTIVE,92,NONIRONIC,0.1371720708,0.1711902148,0.1846319261,0.1570227648,0.2172141687,0.1327688548,0
212,N,AGREEMENT,OBJECTIVE,98,NONIRONIC,0.0627728564,0.3180918609,0.2055920819,0.0877533584,0.1852733376,0.1405165048,0
213,N,DISAGREEMENT,SUBJECTIVE,92,NONIRONIC,0.0328706119,0.0905070007,0.1504099171,0.024248275,0.6452960627,0.0566681327,0
214,NONE,AGREEMENT,OBJECTIVE,100,NONIRONIC,0.2386792942,0.188048624,0.0290263244,0.0172072836,0.0589194672,0.4681190066,0
215,N,DISAGREEMENT,SUBJECTIVE,94,NONIRONIC,0.075157829,0.1641824911,0.3109106894,0.04641348,0.3223506767,0.0809848338,0
216,NONE,AGREEMENT,OBJECTIVE,100,NONIRONIC,0.1346412183,0.2923570137,0.105892952,0.0446501775,0.1731764423,0.2492821961,0
217,NEU,DISAGREEMENT,SUBJECTIVE,94,NONIRONIC,0.0482850331,0.2509627593,0.2958021298,0.0844643932,0.2357926343,0.0846930504,0
218,N+,AGREEMENT,OBJECTIVE,100,NONIRONIC,0.0469729083,0.129513438,0.1651176186,0.1832613588,0.3966239163,0.07851076,0
219,P,AGREEMENT,OBJECTIVE,92,NONIRONIC,0.2610260454,0.1023513648,0.0962337392,0.0857957331,0.194563811,0.2600293065,0
220,N,AGREEMENT,SUBJECTIVE,100,NONIRONIC,0.0606104659,0.2411625037,0.1304655773,0.1419250322,0.3218988363,0.1039375846,0
221,N,DISAGREEMENT,OBJECTIVE,86,NONIRONIC,0.0701783628,0.1954433548,0.4077273054,0.0587000682,0.1734431629,0.0945077459,0
222,N,DISAGREEMENT,SUBJECTIVE,86,NONIRONIC,0.1582802938,0.1677753311,0.1668225347,0.0595386861,0.2744063122,0.1731768421,0
223,N,AGREEMENT,SUBJECTIVE,100,NONIRONIC,0.048020075,0.2104359233,0.2382760166,0.1292998012,0.3021543503,0.0718138336,0
224,NONE,AGREEMENT,OBJECTIVE,100,NONIRONIC,0.0633999419,0.2859268792,0.1601940418,0.1562694737,0.1754246103,0.1587850531,0
225,P,AGREEMENT,OBJECTIVE,100,NONIRONIC,0.2576059712,0.1527761317,0.1269540916,0.0575195006,0.1911232373,0.2140210676,0
226,N,AGREEMENT,OBJECTIVE,100,NONIRONIC,0.1323811988,0.1305043558,0.3726387743,0.0,0.189068721,0.17540695,0
227,N,DISAGREEMENT,SUBJECTIVE,86,NONIRONIC,0.2382649299,0.0804434947,0.1271295769,0.0792782394,0.3761487494,0.0987350096,0
228,P,AGREEMENT,SUBJECTIVE,100,NONIRONIC,0.0430324595,0.1469969296,0.1065652951,0.1492964255,0.4091137232,0.1449951671,0
229,N,AGREEMENT,OBJECTIVE,100,NONIRONIC,0.0369014428,0.2164498652,0.1716091795,0.3626868797,0.1219899636,0.0903626691,0
230,N,AGREEMENT,SUBJECTIVE,100,NONIRONIC,0.0639481732,0.2056704323,0.2106350569,0.2324378497,0.2207323642,0.0665761237,1
231,N+,AGREEMENT,SUBJECTIVE,100,NONIRONIC,0.0380830062,0.4434365768,0.2004753431,0.0500505777,0.146892752,0.1210617443,1
232,P,AGREEMENT,OBJECTIVE,100,NONIRONIC,0.2476715818,0.1175400441,0.1223260681,0.067382499,0.3079465031,0.1371333038,0
233,N,DISAGREEMENT,SUBJECTIVE,94,NONIRONIC,0.2285770178,0.1399192094,0.0981707919,0.0222906193,0.3095652947,0.2014770669,1
234,N,DISAGREEMENT,SUBJECTIVE,86,NONIRONIC,0.0689736404,0.2410127596,0.2610815051,0.0774071841,0.2515801674,0.0999447433,1
235,P,AGREEMENT,SUBJECTIVE,100,NONIRONIC,0.2490984189,0.1285047038,0.1077901519,0.0511744141,0.162534373,0.3008979383,0
236,N+,AGREEMENT,OBJECTIVE,100,NONIRONIC,0.0187434256,0.1561857316,0.3269897847,0.0870510728,0.3629124043,0.0481175811,0
237,P,AGREEMENT,OBJECTIVE,100,NONIRONIC,0.0464609521,0.1878379191,0.1731544249,0.1982329546,0.2310506876,0.1632630618,0
238,N,AGREEMENT,SUBJECTIVE,90,IRONIC,0.0162865581,0.0717553198,0.1983300427,0.115367709,0.5817005162,0.0165598542,0
239,NEU,DISAGREEMENT,SUBJECTIVE,94,NONIRONIC,0.0413887149,0.2016461381,0.2090055674,0.1863010584,0.281652932,0.0800055893,0
240,NEU,DISAGREEMENT,SUBJECTIVE,86,NONIRONIC,0.1710584416,0.1467089887,0.1393475276,0.1212874678,0.3288623185,0.0927352558,0
241,N+,AGREEMENT,OBJECTIVE,100,NONIRONIC,0.0516285409,0.069566159,0.0820787822,0.0604992436,0.5904938903,0.145733384,0
242,N,DISAGREEMENT,OBJECTIVE,94,NONIRONIC,0.0507742763,0.2642293304,0.2179884674,0.0917808961,0.1885355916,0.1866914383,0
243,P,AGREEMENT,OBJECTIVE,100,NONIRONIC,0.1381564235,0.0895339557,0.1210812327,0.2556956499,0.2615028395,0.1340298987,0
244,N,AGREEMENT,OBJECTIVE,100,NONIRONIC,0.1036280483,0.2339421404,0.1588346683,0.1205078141,0.2143648952,0.1687224336,0
245,NONE,AGREEMENT,OBJECTIVE,100,NONIRONIC,0.0345752975,0.3304483217,0.2268565282,0.1167520592,0.1508481187,0.1405196747,0
246,P,AGREEMENT,OBJECTIVE,100,NONIRONIC,0.0927644314,0.3719434749,0.0704877442,0.0810785002,0.1759691957,0.2077566536,0
247,N+,AGREEMENT,OBJECTIVE,100,NONIRONIC,0.2028652913,0.1341910688,0.1288798207,0.0642674095,0.3167430827,0.153053327,0
248,N,DISAGREEMENT,OBJECTIVE,86,NONIRONIC,0.0845524068,0.1493023129,0.1312653161,0.0927883689,0.3418473279,0.2002442673,0
249,P,AGREEMENT,SUBJECTIVE,100,NONIRONIC,0.1787556022,0.2050626219,0.0692519891,0.0759001477,0.1763886761,0.294640963,0
250,N,AGREEMENT,SUBJECTIVE,92,NONIRONIC,0.105690299,0.22207445,0.2162191032,0.1006030851,0.222374597,0.1330384658,0
251,NONE,AGREEMENT,OBJECTIVE,100,NONIRONIC,0.035871418,0.2180221821,0.2192691933,0.2216257594,0.1874292553,0.1177821919,0
252,N,AGREEMENT,OBJECTIVE,100,NONIRONIC,0.0588233662,0.19197475,0.14974095,0.1695979642,0.2714473431,0.1584156265,0
253,N,AGREEMENT,OBJECTIVE,100,NONIRONIC,0.2434106111,0.1713669427,0.0655825687,0.0407154149,0.1779479863,0.3009764763,0
254,N,AGREEMENT,OBJECTIVE,100,NONIRONIC,0.0870178103,0.0797375998,0.1585039738,0.037144041,0.5486885052,0.0889080699,0
255,NEU,DISAGREEMENT,OBJECTIVE,92,NONIRONIC,0.1808365388,0.093318116,0.0643441282,0.0377041028,0.3332567998,0.2905403144,0
256,N,DISAGREEMENT,SUBJECTIVE,86,NONIRONIC,0.0882493507,0.1375470798,0.1823961818,0.0821839595,0.3381878821,0.1714355462,0
257,NEU,DISAGREEMENT,SUBJECTIVE,94,NONIRONIC,0.1581853417,0.121396203,0.1239955264,0.2254818678,0.249529287,0.1214117742,0
258,N,AGREEMENT,OBJECTIVE,100,NONIRONIC,0.1314527314,0.2299029783,0.1660432437,0.0879613413,0.1376526898,0.2469870154,0
259,N,AGREEMENT,OBJECTIVE,100,NONIRONIC,0.116929238,0.3467821277,0.1275980884,0.0,0.2069263751,0.2017641709,0
260,N,DISAGREEMENT,SUBJECTIVE,86,NONIRONIC,0.1075312539,0.4053073724,0.1658048748,0.0599976915,0.123077876,0.1382809315,0
261,N,AGREEMENT,OBJECTIVE,92,NONIRONIC,0.1958352188,0.0948791215,0.0705350135,0.0607360354,0.3997162475,0.1782983633,0
262,N,AGREEMENT,OBJECTIVE,100,NONIRONIC,0.1451685996,0.2133837721,0.1404750755,0.0988177041,0.1175394871,0.2846153616,0
263,NONE,AGREEMENT,OBJECTIVE,100,NONIRONIC,0.0753665816,0.1693274408,0.1629555194,0.1919313446,0.2470216889,0.1533974247,0
264,N,AGREEMENT,OBJECTIVE,100,NONIRONIC,0.0796631947,0.3405075998,0.1860166127,0.0762861995,0.2267630325,0.0907633609,0
265,N,DISAGREEMENT,OBJECTIVE,86,NONIRONIC,0.0517758695,0.0621560041,0.1042614717,0.2786909511,0.4584998352,0.0446158684,0
266,P+,AGREEMENT,SUBJECTIVE,92,NONIRONIC,0.1332289143,0.0944761713,0.0917285915,0.0580874026,0.4772451144,0.1452338059,0
267,NONE,AGREEMENT,OBJECTIVE,100,NONIRONIC,0.0562181178,0.2433778083,0.1988166187,0.1688957551,0.1511371326,0.1815545675,0
268,N,AGREEMENT,SUBJECTIVE,100,NONIRONIC,0.1624537166,0.1251156756,0.0841239868,0.0200860452,0.3842043902,0.2240161857,0
269,NEU,DISAGREEMENT,SUBJECTIVE,92,NONIRONIC,0.0592533388,0.1599897474,0.1561574441,0.1432538414,0.393620102,0.0877255262,0
270,N,DISAGREEMENT,SUBJECTIVE,84,IRONIC,0.0889449915,0.1952389179,0.1842170839,0.0735872141,0.2708750432,0.1871367494,0
271,N+,AGREEMENT,SUBJECTIVE,100,NONIRONIC,0.1647349655,0.1560004722,0.1370107366,0.0804379603,0.3060806763,0.1557351893,0
272,P,DISAGREEMENT,SUBJECTIVE,86,NONIRONIC,0.0328197228,0.199709375,0.285154239,0.06112098,0.3730489262,0.048146757,0
273,P,AGREEMENT,SUBJECTIVE,100,NONIRONIC,0.1626785418,0.1392259924,0.1422707652,0.1910838729,0.1809242274,0.1838166002,0
274,NONE,AGREEMENT,OBJECTIVE,100,NONIRONIC,0.2968147256,0.1615210952,0.2117522238,0.0,0.1189719243,0.2109400312,0
275,N,DISAGREEMENT,SUBJECTIVE,94,NONIRONIC,0.0527268511,0.1394301963,0.1898388723,0.1022584437,0.4374276654,0.0783179713,0
276,N+,AGREEMENT,SUBJECTIVE,100,NONIRONIC,0.0579452442,0.2618775553,0.2678062584,0.0436273614,0.2428472096,0.1258963711,0
277,P+,AGREEMENT,SUBJECTIVE,100,NONIRONIC,0.2902679572,0.126169694,0.0549921713,0.0247106498,0.1807714215,0.3230881061,0
278,N,AGREEMENT,OBJECTIVE,100,NONIRONIC,0.1229409813,0.1669229972,0.1554977185,0.0647764297,0.3129200082,0.176941865,0
279,P,DISAGREEMENT,SUBJECTIVE,86,NONIRONIC,0.0654725822,0.1287780402,0.1881802384,0.2281374889,0.2739961464,0.1154355038,0
280,NEU,DISAGREEMENT,SUBJECTIVE,94,NONIRONIC,0.271590142,0.1703934082,0.1408367154,0.1000636738,0.1331372564,0.1839788042,0
281,NONE,AGREEMENT,OBJECTIVE,100,NONIRONIC,0.2110730869,0.3013927316,0.108408121,0.0,0.1079789585,0.2711471021,0
282,P,DISAGREEMENT,SUBJECTIVE,86,NONIRONIC,0.398363816,0.1239184191,0.084597453,0.0274692048,0.11085663,0.254794477,0
283,N,AGREEMENT,OBJECTIVE,100,NONIRONIC,0.0889568557,0.1875625522,0.1949072439,0.0677699082,0.3062073522,0.154596088,0
284,P+,AGREEMENT,SUBJECTIVE,100,NONIRONIC,0.3278912523,0.1681297915,0.04025991,0.0432465919,0.0874195031,0.3330529512,1
285,N,AGREEMENT,OBJECTIVE,100,NONIRONIC,0.0725695715,0.1663078274,0.3404345113,0.081389238,0.239152173,0.1001466788,0
286,N,DISAGREEMENT,SUBJECTIVE,94,NONIRONIC,0.1566764322,0.1928709925,0.0939854646,0.0458667934,0.3314690729,0.1791312444,1
287,P,AGREEMENT,SUBJECTIVE,100,NONIRONIC,0.136524063,0.2221590024,0.2093608382,0.0957584046,0.1964524004,0.1397452914,0
288,N,AGREEMENT,SUBJECTIVE,97,NONIRONIC,0.1225373453,0.2316051258,0.1787691451,0.0730061008,0.2447703803,0.1493119026,0
289,N,DISAGREEMENT,SUBJECTIVE,86,NONIRONIC,0.0496799739,0.246065406,0.3794235354,0.0587070084,0.191960911,0.0741631653,1
290,NEU,DISAGREEMENT,OBJECTIVE,86,NONIRONIC,0.0953690887,0.1916237214,0.1504100574,0.0593134423,0.3618026837,0.1414810066,1
291,N,AGREEMENT,SUBJECTIVE,100,NONIRONIC,0.0664714126,0.3351580532,0.225062494,0.0445828399,0.2384427131,0.0902824871,1
292,NEU,DISAGREEMENT,OBJECTIVE,94,NONIRONIC,0.0984771731,0.2275827078,0.16708124,0.1192405969,0.2737238708,0.1138944114,0
293,P,AGREEMENT,OBJECTIVE,100,NONIRONIC,0.0429717938,0.1617694408,0.1072818434,0.0369434551,0.6070644825,0.0439689844,1
294,NONE,AGREEMENT,OBJECTIVE,100,NONIRONIC,0.1070241483,0.1868955131,0.1489593665,0.2017034294,0.2126355889,0.1427819538,0
295,N,DISAGREEMENT,SUBJECTIVE,86,NONIRONIC,0.1418445025,0.1388067695,0.2752867497,0.0565751346,0.2808362027,0.1066506409,1
296,N,DISAGREEMENT,SUBJECTIVE,91,NONIRONIC,0.0982940715,0.173635562,0.2504587204,0.0967960843,0.2882703618,0.0925451999,1
297,N+,AGREEMENT,OBJECTIVE,100,NONIRONIC,0.0689536821,0.2565249102,0.1847437188,0.1034207902,0.2106863476,0.1756705511,0
298,N,DISAGREEMENT,OBJECTIVE,94,NONIRONIC,0.0666558603,0.1570005253,0.1445058311,0.0510469083,0.4484067816,0.1323840934,1
299,NEU,DISAGREEMENT,OBJECTIVE,94,NONIRONIC,0.0186912788,0.2713906553,0.2117180928,0.0431549347,0.4201490473,0.0348959911,1
300,NEU,DISAGREEMENT,SUBJECTIVE,84,NONIRONIC,0.0281500623,0.1518356328,0.3492627381,0.074006973,0.3470260935,0.0497185004,1
301,P,AGREEMENT,SUBJECTIVE,100,NONIRONIC,0.0169907363,0.1988764899,0.354687777,0.0467433106,0.3574787934,0.0252228927,0
302,N,AGREEMENT,OBJECTIVE,100,NONIRONIC,0.0833228535,0.1700738916,0.1718909824,0.1580659365,0.2355379666,0.1811083694,1
303,NONE,AGREEMENT,SUBJECTIVE,100,NONIRONIC,0.0809415511,0.3243612919,0.3194883521,0.0132502919,0.1407034187,0.1212550943,0
304,NEU,DISAGREEMENT,SUBJECTIVE,94,NONIRONIC,0.0221119046,0.1039991588,0.2641473923,0.050851955,0.5317644983,0.027125091,1
305,N,DISAGREEMENT,SUBJECTIVE,86,NONIRONIC,0.07313714,0.0672212619,0.0548861085,0.5303619307,0.2257339184,0.0486596405,1
306,P,AGREEMENT,OBJECTIVE,100,NONIRONIC,0.1950111398,0.2042413286,0.0983354723,0.0383262769,0.1785187444,0.2855670379,0
307,P,AGREEMENT,SUBJECTIVE,100,NONIRONIC,0.03988651,0.1199457309,0.2181969285,0.2174198351,0.3532480902,0.0513029054,1
308,P,AGREEMENT,OBJECTIVE,100,NONIRONIC,0.1868191619,0.2597775612,0.1489979441,0.0745746055,0.1149530129,0.2148777144,0
309,P,AGREEMENT,OBJECTIVE,100,NONIRONIC,0.1355824251,0.1251817568,0.0784612919,0.061777932,0.3003553316,0.2986412626,1
310,N,AGREEMENT,OBJECTIVE,100,NONIRONIC,0.204871667,0.1139391701,0.0419156865,0.0614055603,0.2304142116,0.3474537045,1
311,NONE,AGREEMENT,OBJECTIVE,100,NONIRONIC,0.0770875727,0.1886691439,0.2083540433,0.1373135288,0.2625582441,0.1260174672,0
312,N,DISAGREEMENT,OBJECTIVE,94,NONIRONIC,0.0431341847,0.1613076206,0.1327109669,0.0177948732,0.5535948753,0.0914574792,1
313,NONE,AGREEMENT,OBJECTIVE,100,NONIRONIC,0.0206293718,0.0661974424,0.1004704206,0.6787217954,0.0982283054,0.0357526644,1
314,N,AGREEMENT,OBJECTIVE,100,NONIRONIC,0.0339568484,0.4797974631,0.2297349095,0.0333633892,0.1703415063,0.0528058834,0
315,N+,AGREEMENT,OBJECTIVE,100,NONIRONIC,0.096923255,0.1302494002,0.1116353363,0.1049511785,0.34229856,0.2139422701,1
316,NONE,AGREEMENT,OBJECTIVE,100,NONIRONIC,0.0264582919,0.0677457698,0.1302973477,0.1404656025,0.5956319894,0.0394009987,0
317,N,DISAGREEMENT,OBJECTIVE,86,NONIRONIC,0.0340225924,0.0934981556,0.1028901912,0.1700790976,0.547167012,0.0523429512,0
318,P,AGREEMENT,SUBJECTIVE,100,NONIRONIC,0.2478212407,0.2001270809,0.0873494095,0.0,0.1684717345,0.2962305344,1
319,N,DISAGREEMENT,SUBJECTIVE,86,NONIRONIC,0.0314930336,0.0778387154,0.1592307859,0.1311493825,0.5733661899,0.0269218927,1
320,NEU,DISAGREEMENT,OBJECTIVE,86,NONIRONIC,0.0635221151,0.1207287987,0.163995376,0.4054050729,0.1717082682,0.074640369,0
321,N,AGREEMENT,OBJECTIVE,100,NONIRONIC,0.4922806893,0.0630829521,0.1324901706,0.0249565108,0.0331530269,0.2540366503,0
322,N,AGREEMENT,OBJECTIVE,100,NONIRONIC,0.0575739186,0.1924772188,0.1668106757,0.1061294083,0.3610962344,0.1159125441,1
323,N,AGREEMENT,SUBJECTIVE,92,NONIRONIC,0.114079027,0.1085677553,0.1620706546,0.0724229241,0.4579309092,0.0849287299,1
324,N,AGREEMENT,OBJECTIVE,100,NONIRONIC,0.0721454604,0.1774404768,0.1309498758,0.1152296962,0.3283547529,0.1758797379,0
325,P,AGREEMENT,SUBJECTIVE,100,NONIRONIC,0.1570842836,0.2503315428,0.1486159249,0.1084562413,0.1412915288,0.1942204786,1
326,N+,AGREEMENT,OBJECTIVE,100,NONIRONIC,0.0204432761,0.1981990637,0.2178359872,0.1381203687,0.3493870594,0.0760142449,0
327,N,AGREEMENT,SUBJECTIVE,100,NONIRONIC,0.0248640331,0.1103954012,0.1618057782,0.1296743255,0.509455748,0.0638047141,1
328,N,DISAGREEMENT,SUBJECTIVE,94,NONIRONIC,0.0834601357,0.1776770257,0.1858121718,0.127376152,0.169780463,0.2558940518,0
