ID,score_tag,agreement,subjectivity,confidence,irony,Happy,Fear,Sad,Bored,Angry,Excited,Class
1201,N,DISAGREEMENT,OBJECTIVE,94,NONIRONIC,0.0822968947,0.2099442986,0.2316858807,0.1221734485,0.253186021,0.1007134565,1
1202,N+,AGREEMENT,OBJECTIVE,97,NONIRONIC,0.0366095009,0.1356727377,0.1522432035,0.1099403006,0.4207251937,0.1448090637,1
1203,N,AGREEMENT,OBJECTIVE,100,NONIRONIC,0.0933243398,0.1218853153,0.2318181604,0.1324156909,0.307972446,0.1125840475,1
1204,N,DISAGREEMENT,SUBJECTIVE,86,NONIRONIC,0.0528304059,0.0806119968,0.0562518882,0.0492138324,0.6140554959,0.1470363808,1
1205,N,DISAGREEMENT,SUBJECTIVE,94,NONIRONIC,0.0370906415,0.2146177816,0.1829379649,0.1253366841,0.3852436623,0.0547732655,1
1206,N,AGREEMENT,SUBJECTIVE,100,NONIRONIC,0.0402474111,0.2777783137,0.2487520939,0.1506798711,0.1237401145,0.1588021958,0
1207,NONE,AGREEMENT,OBJECTIVE,100,NONIRONIC,0.0479699453,0.1560126279,0.2145963588,0.0486701392,0.4543535937,0.0783973351,0
1208,N,DISAGREEMENT,SUBJECTIVE,94,NONIRONIC,0.0796843958,0.2089547809,0.2660769065,0.0899533013,0.2484384991,0.1068921164,0
1209,N,AGREEMENT,SUBJECTIVE,92,NONIRONIC,0.0500963527,0.1368148337,0.1730270627,0.0592309453,0.4873916794,0.0934391262,1
1210,N,AGREEMENT,OBJECTIVE,100,NONIRONIC,0.1242447218,0.1519200285,0.1408174572,0.0,0.3788970964,0.2041206962,1
1211,P,AGREEMENT,OBJECTIVE,100,NONIRONIC,0.0380217078,0.1779879143,0.1583109473,0.2003899941,0.2663536293,0.1589358073,0
1212,N,DISAGREEMENT,SUBJECTIVE,94,NONIRONIC,0.0182690488,0.036456372,0.0753698274,0.1339897198,0.7233777155,0.0125373167,0
1213,NONE,AGREEMENT,OBJECTIVE,100,NONIRONIC,0.0372365255,0.1907220543,0.2215656062,0.192409316,0.2912119938,0.0668545043,1
1214,N,AGREEMENT,SUBJECTIVE,92,NONIRONIC,0.1143865257,0.1603070304,0.3099865869,0.1298767742,0.1813031877,0.1041398951,1
1215,P+,AGREEMENT,SUBJECTIVE,100,NONIRONIC,0.2428268805,0.1385115588,0.083477283,0.060378729,0.1363336771,0.3384718717,1
1216,N,AGREEMENT,SUBJECTIVE,100,NONIRONIC,0.0317905856,0.0921813799,0.1473558962,0.0628086469,0.6133243564,0.052539135,0
1217,NONE,AGREEMENT,OBJECTIVE,100,NONIRONIC,0.0922169181,0.2909342801,0.1384394964,0.1001220847,0.1142136605,0.2640735602,0
1218,N,AGREEMENT,OBJECTIVE,100,NONIRONIC,0.0477457085,0.1866220382,0.2293835692,0.1159107553,0.3276944337,0.0926434952,0
1219,P,AGREEMENT,SUBJECTIVE,92,NONIRONIC,0.0430611785,0.2262720279,0.3740638355,0.0528812605,0.2493358773,0.0543858204,0
1220,NEU,AGREEMENT,OBJECTIVE,100,NONIRONIC,0.1841441978,0.1629554243,0.1339970732,0.0591583234,0.162793037,0.2969519444,1
1221,N,AGREEMENT,OBJECTIVE,100,NONIRONIC,0.1286780994,0.2343125997,0.1512115221,0.1518331185,0.1612636573,0.1727010031,0
1222,N,AGREEMENT,OBJECTIVE,100,NONIRONIC,0.2179832858,0.0867378789,0.161479997,0.1071944643,0.2954715305,0.1311328435,0
1223,P+,AGREEMENT,SUBJECTIVE,92,NONIRONIC,0.0618735044,0.162836651,0.1438227645,0.1558616967,0.3641923823,0.1114130011,0
1224,NEU,DISAGREEMENT,SUBJECTIVE,94,NONIRONIC,0.1585570561,0.1320189313,0.1178268656,0.0723802977,0.2508464038,0.2683704455,1
1225,P,AGREEMENT,OBJECTIVE,100,NONIRONIC,0.2670796669,0.1184134979,0.1354213915,0.0520526227,0.2136231603,0.2134096606,1
1226,N,AGREEMENT,SUBJECTIVE,92,NONIRONIC,0.1135394532,0.1983339886,0.1328444857,0.055065928,0.2653198635,0.2348962812,0
1227,P,AGREEMENT,OBJECTIVE,100,NONIRONIC,0.0769522521,0.2132361712,0.2246577296,0.072432451,0.293281223,0.1194401731,0
1228,NONE,AGREEMENT,OBJECTIVE,100,NONIRONIC,0.0818678114,0.2933188947,0.1849174375,0.0965455842,0.1499752475,0.1933750247,0
1229,P,DISAGREEMENT,SUBJECTIVE,91,NONIRONIC,0.0523973644,0.2944955408,0.2334179279,0.0579246012,0.2485446516,0.1132199141,0
1230,P,AGREEMENT,OBJECTIVE,92,NONIRONIC,0.0753536297,0.2239772809,0.2244019752,0.0601286077,0.3080168499,0.1081216566,1
1231,N+,AGREEMENT,OBJECTIVE,100,NONIRONIC,0.1035113688,0.3791541596,0.1300428652,0.0273738627,0.1492674407,0.210650303,1
1232,NEU,DISAGREEMENT,OBJECTIVE,94,NONIRONIC,0.1437962676,0.2330043496,0.1388318329,0.0527348469,0.131114994,0.3005177089,0
1233,N,DISAGREEMENT,OBJECTIVE,86,NONIRONIC,0.0722709258,0.1311491185,0.1857983881,0.1214848797,0.402120068,0.0871766199,1
1234,NEU,AGREEMENT,OBJECTIVE,100,NONIRONIC,0.1293105787,0.1013766621,0.1358192713,0.0394874705,0.4345402041,0.1594658134,1
1235,P,AGREEMENT,SUBJECTIVE,100,NONIRONIC,0.1749356664,0.136489888,0.1508652067,0.1764577067,0.2149297687,0.1463217636,1
1236,NEU,DISAGREEMENT,SUBJECTIVE,86,NONIRONIC,0.057652423,0.1738840401,0.2205448836,0.1390337024,0.3356414286,0.0732435223,0
1237,P,AGREEMENT,OBJECTIVE,92,NONIRONIC,0.0103862848,0.1380694553,0.2272375732,0.2475996684,0.3531933537,0.0235136646,1
1238,NEU,DISAGREEMENT,OBJECTIVE,94,NONIRONIC,0.0693699612,0.1591709919,0.1535548762,0.1299752116,0.3190950825,0.1688338767,0
1239,P,AGREEMENT,OBJECTIVE,100,NONIRONIC,0.0774324618,0.1970547702,0.1440069827,0.0687136404,0.3576879788,0.1551041661,1
1240,N,AGREEMENT,OBJECTIVE,100,NONIRONIC,0.2365268931,0.1583579394,0.1317703143,0.0,0.1633010481,0.3100438052,0
1241,P,DISAGREEMENT,OBJECTIVE,94,NONIRONIC,0.0680645849,0.1796541794,0.1383673419,0.0481533039,0.3039232791,0.2618373109,1
1242,P,AGREEMENT,OBJECTIVE,100,NONIRONIC,0.0555493056,0.2191848899,0.2506493711,0.0997027284,0.2807764262,0.0941372789,1
1243,N,AGREEMENT,OBJECTIVE,100,NONIRONIC,0.0669135277,0.0913147443,0.1714926943,0.5271338608,0.095152551,0.0479926219,1
1244,NONE,AGREEMENT,OBJECTIVE,100,NONIRONIC,0.0329198268,0.1760406774,0.2576322648,0.2186075357,0.2439989453,0.07080075,1
1245,NEU,DISAGREEMENT,OBJECTIVE,86,NONIRONIC,0.2018182436,0.076545022,0.1200516363,0.0935619188,0.4392951055,0.0687280738,0
1246,NONE,AGREEMENT,OBJECTIVE,100,NONIRONIC,0.2502344897,0.2407605866,0.0589314834,0.0288271731,0.1046906069,0.3165556603,0
1247,NONE,AGREEMENT,OBJECTIVE,100,NONIRONIC,0.0212142528,0.1266887533,0.1912277448,0.3475635065,0.2751172607,0.0381884819,1
1248,NEU,DISAGREEMENT,SUBJECTIVE,86,NONIRONIC,0.0230994096,0.1353831604,0.5981571901,0.0227477573,0.1944984166,0.026114066,0
1249,NONE,AGREEMENT,OBJECTIVE,100,NONIRONIC,0.1779888928,0.1945469439,0.1314354516,0.1025066265,0.1716974596,0.2218246256,1
1250,N,AGREEMENT,SUBJECTIVE,100,NONIRONIC,0.1585031435,0.182953389,0.1153611319,0.0911337293,0.2777127404,0.174335866,0
1251,P,AGREEMENT,OBJECTIVE,100,NONIRONIC,0.1462382271,0.2703999507,0.2721730433,0.0500408337,0.0959074342,0.165240511,1
1252,NONE,AGREEMENT,OBJECTIVE,100,NONIRONIC,0.1922621402,0.1568315913,0.0791061404,0.0653834463,0.1919223738,0.314494308,0
1253,P,AGREEMENT,SUBJECTIVE,97,NONIRONIC,0.0876492011,0.2308132215,0.2816863578,0.0738102727,0.2495131771,0.0765277697,1
1254,N,DISAGREEMENT,SUBJECTIVE,94,NONIRONIC,0.1585036204,0.1994411136,0.1383929218,0.0734093095,0.195255355,0.2349976797,1
1255,NEU,DISAGREEMENT,SUBJECTIVE,94,NONIRONIC,0.2261430805,0.133653845,0.2082040886,0.0,0.1645419432,0.2674570428,1
1256,P,AGREEMENT,OBJECTIVE,100,NONIRONIC,0.1959946517,0.2016823354,0.1306603373,0.0750158512,0.1399427821,0.2567040422,0
1257,NEU,DISAGREEMENT,SUBJECTIVE,94,NONIRONIC,0.0351381944,0.050526895,0.0887162269,0.0583283962,0.7158841233,0.0514061642,0
1258,NONE,AGREEMENT,OBJECTIVE,100,NONIRONIC,0.0758936399,0.2225503701,0.1498701233,0.1034282507,0.2259732573,0.2222843588,0
1259,N+,AGREEMENT,OBJECTIVE,100,NONIRONIC,0.0449555257,0.2490535568,0.4840129013,0.0149838183,0.1655222565,0.0414719415,1
1260,N,DISAGREEMENT,SUBJECTIVE,94,NONIRONIC,0.0838798329,0.1146072412,0.1384387846,0.117123897,0.4516956507,0.0942545936,1
1261,N,AGREEMENT,OBJECTIVE,100,NONIRONIC,0.0216548761,0.1068609295,0.204873825,0.0354118356,0.5996064172,0.0315921165,0
1262,NONE,AGREEMENT,OBJECTIVE,100,NONIRONIC,0.1233411375,0.1974811002,0.1954873213,0.1479176648,0.2279861318,0.1077866444,1
1263,P,AGREEMENT,SUBJECTIVE,90,IRONIC,0.1920554558,0.1596099425,0.0704862714,0.0529663703,0.2703503561,0.2545316039,1
1264,P+,AGREEMENT,OBJECTIVE,98,NONIRONIC,0.1986778137,0.1790719749,0.0866208816,0.090352702,0.1793497237,0.2659269042,0
1265,N,AGREEMENT,SUBJECTIVE,100,NONIRONIC,0.1003413913,0.1752204234,0.1173746261,0.1740331275,0.3120968151,0.1209336167,0
1266,N,AGREEMENT,OBJECTIVE,100,NONIRONIC,0.0621043077,0.1145542617,0.1293354465,0.167112939,0.4533994483,0.0734935968,0
1267,P,AGREEMENT,OBJECTIVE,100,NONIRONIC,0.237722692,0.1174023356,0.1507996238,0.0993726224,0.2202780475,0.1744246787,0
1268,NEU,AGREEMENT,OBJECTIVE,100,NONIRONIC,0.0261535384,0.453570404,0.2218548837,0.0473277227,0.0869379932,0.164155458,1
1269,P+,AGREEMENT,OBJECTIVE,100,NONIRONIC,0.1648267285,0.1228530455,0.1544607693,0.0630093855,0.2865249845,0.2083250867,1
1270,P,AGREEMENT,SUBJECTIVE,100,NONIRONIC,0.0549230657,0.0784724395,0.1277521842,0.0786770066,0.5798217646,0.0803535395,0
1271,N,DISAGREEMENT,SUBJECTIVE,94,NONIRONIC,0.1003697945,0.099494585,0.1836929165,0.0259477187,0.4699938732,0.1205011122,1
1272,N,AGREEMENT,SUBJECTIVE,92,NONIRONIC,0.0789608064,0.1936252887,0.185721596,0.1347900624,0.3042289753,0.1026732711,0
1273,P,AGREEMENT,SUBJECTIVE,100,NONIRONIC,0.183437493,0.268043264,0.2514715765,0.0475612254,0.1525496574,0.0969367836,0
1274,N,AGREEMENT,OBJECTIVE,100,NONIRONIC,0.2893922103,0.1934345773,0.0923497927,0.0324180392,0.0884338475,0.303971533,0
1275,N,AGREEMENT,SUBJECTIVE,100,NONIRONIC,0.0443347738,0.1016003467,0.1727309967,0.058382281,0.5825972464,0.0403543554,1
1276,P,AGREEMENT,OBJECTIVE,100,NONIRONIC,0.3707520456,0.1176753299,0.0778600742,0.0546629072,0.0902456615,0.2888039816,1
1277,NEU,DISAGREEMENT,SUBJECTIVE,94,NONIRONIC,0.0180756201,0.0565801592,0.1259346527,0.0314993655,0.7510385608,0.0168716416,1
1278,P,DISAGREEMENT,SUBJECTIVE,84,IRONIC,0.0478533826,0.4046332273,0.2367647673,0.0487529184,0.1829892273,0.0790064771,1
1279,P,DISAGREEMENT,SUBJECTIVE,94,NONIRONIC,0.3099474011,0.157430307,0.1244610167,0.0404607886,0.178251985,0.1894485016,0
1280,N,DISAGREEMENT,SUBJECTIVE,86,NONIRONIC,0.0682623996,0.1994966221,0.3146048027,0.0742491319,0.2550302884,0.0883567553,0
1281,P,AGREEMENT,SUBJECTIVE,100,NONIRONIC,0.0817871439,0.1277892101,0.1281285247,0.1737494982,0.3074293265,0.1811162967,0
1282,N+,AGREEMENT,SUBJECTIVE,100,NONIRONIC,0.0891829715,0.2505569616,0.1508371242,0.1804020578,0.2073819218,0.1216389631,1
1283,P,AGREEMENT,SUBJECTIVE,92,NONIRONIC,0.0838785192,0.2187968428,0.3381331505,0.0410378419,0.2153211942,0.1028324513,0
1284,N,DISAGREEMENT,SUBJECTIVE,94,NONIRONIC,0.1537111347,0.078973822,0.0661090192,0.098572798,0.3539956749,0.2486375511,1
1285,P,DISAGREEMENT,SUBJECTIVE,86,NONIRONIC,0.102018457,0.2875596823,0.1985588339,0.0777905909,0.1533196412,0.1807527946,0
1286,N,AGREEMENT,OBJECTIVE,100,NONIRONIC,0.0753567987,0.2134904246,0.1604395892,0.1804492223,0.2395159607,0.1307480044,0
1287,NONE,AGREEMENT,OBJECTIVE,100,NONIRONIC,0.1801195896,0.3050870943,0.1664975464,0.0463960057,0.0848318489,0.2170679152,0
1288,N,AGREEMENT,SUBJECTIVE,100,NONIRONIC,0.0660661261,0.1560846906,0.203656918,0.1046806263,0.4093577532,0.0601538858,1
1289,P,AGREEMENT,OBJECTIVE,92,NONIRONIC,0.1587534108,0.2420313839,0.1506639458,0.0947443776,0.1685958213,0.1852110606,1
1290,N,AGREEMENT,OBJECTIVE,100,NONIRONIC,0.0912049073,0.1873593841,0.2851144062,0.1036838606,0.2282931088,0.1043443329,1
1291,N,AGREEMENT,SUBJECTIVE,100,NONIRONIC,0.0546122743,0.1471861787,0.2684139705,0.123934742,0.3583331194,0.047519715,1
1292,P,DISAGREEMENT,OBJECTIVE,86,NONIRONIC,0.1741034655,0.0872308761,0.1411414503,0.0303947045,0.3703462333,0.1967832702,1
1293,N+,AGREEMENT,OBJECTIVE,100,NONIRONIC,0.0586635074,0.1910152754,0.2289629847,0.0569151652,0.3658386253,0.098604442,1
1294,N,AGREEMENT,SUBJECTIVE,92,NONIRONIC,0.0969378494,0.1702934542,0.2319664355,0.0865415431,0.3324614224,0.0817992955,1
1295,N+,AGREEMENT,SUBJECTIVE,100,NONIRONIC,0.0434051362,0.4315669368,0.1462771679,0.0299097697,0.2454711238,0.1033698656,0
1296,N,AGREEMENT,OBJECTIVE,92,NONIRONIC,0.0819788497,0.3304945322,0.1466640756,0.1216992536,0.1437428154,0.1754204736,0
1297,N,AGREEMENT,OBJECTIVE,100,NONIRONIC,0.1388462177,0.1528862701,0.3552413184,0.1229278819,0.1658678072,0.0642305047,0
1298,P,DISAGREEMENT,OBJECTIVE,94,NONIRONIC,0.1622721943,0.182111563,0.1781396085,0.0490924073,0.2063939547,0.2219902723,0
1299,P,AGREEMENT,OBJECTIVE,100,NONIRONIC,0.1245559209,0.2730650614,0.1346542317,0.084855153,0.1379326538,0.2449369792,0
1300,P,DISAGREEMENT,SUBJECTIVE,94,NONIRONIC,0.1000180527,0.2662879013,0.211693283,0.0777576687,0.150741951,0.1935011433,1
1301,N,AGREEMENT,OBJECTIVE,100,NONIRONIC,0.0611544305,0.190381197,0.1863710052,0.1395027806,0.3091850061,0.1134055806,1
1302,NONE,AGREEMENT,OBJECTIVE,100,NONIRONIC,0.0281045087,0.1916391132,0.2301933258,0.0079099163,0.5085611625,0.0335919734,1
1303,P,DISAGREEMENT,SUBJECTIVE,86,NONIRONIC,0.0958476816,0.1122596364,0.0808180499,0.0412257647,0.5621520715,0.1076967958,0
1304,N,AGREEMENT,SUBJECTIVE,100,NONIRONIC,0.0603141643,0.2165066172,0.2331610732,0.1585550663,0.2049892978,0.1264737812,1
1305,NONE,AGREEMENT,OBJECTIVE,100,NONIRONIC,0.1280440731,0.2554427198,0.1427800506,0.0920092128,0.1310826716,0.2506412721,0
1306,P,AGREEMENT,SUBJECTIVE,100,NONIRONIC,0.0929089078,0.1342603486,0.144308651,0.2455253056,0.2914149077,0.0915818793,0
1307,NONE,AGREEMENT,OBJECTIVE,100,NONIRONIC,0.3619208368,0.1726835515,0.070356054,0.0410012675,0.095667894,0.2583703963,0
1308,NONE,AGREEMENT,OBJECTIVE,100,NONIRONIC,0.0642099001,0.2989586854,0.320666798,0.0871213911,0.1243856516,0.1046575738,0
1309,N+,AGREEMENT,SUBJECTIVE,92,NONIRONIC,0.0302735921,0.1821668602,0.2300216177,0.2064453108,0.3084497877,0.0426428316,1
1310,NEU,DISAGREEMENT,SUBJECTIVE,91,NONIRONIC,0.0123505502,0.3010714284,0.1115039646,0.0495621585,0.5025453617,0.0229665366,1
1311,N,AGREEMENT,OBJECTIVE,100,NONIRONIC,0.100338873,0.1495720654,0.3594754651,0.0610733673,0.2650318114,0.0645084178,0
1312,N,DISAGREEMENT,SUBJECTIVE,86,NONIRONIC,0.0846781085,0.1423525995,0.1597073869,0.0984467783,0.3896240409,0.1251910859,0
1313,P,DISAGREEMENT,SUBJECTIVE,84,IRONIC,0.1872175406,0.1583206668,0.1368790701,0.1317826903,0.1942232531,0.191576779,0
1314,NEU,DISAGREEMENT,SUBJECTIVE,94,NONIRONIC,0.0878826407,0.1194311743,0.1116960623,0.0687632916,0.4640731957,0.1481536354,1
1315,N,AGREEMENT,OBJECTIVE,100,NONIRONIC,0.03380097,0.1111477794,0.1718658394,0.2440634674,0.3759404426,0.0631815012,1
1316,N,AGREEMENT,OBJECTIVE,92,NONIRONIC,0.186338196,0.1261385931,0.2328489765,0.0618136694,0.2048739292,0.1879866359,0
1317,NONE,AGREEMENT,OBJECTIVE,100,NONIRONIC,0.1457465205,0.1437515747,0.0998296156,0.0380019543,0.3423340671,0.2303362678,0
1318,N,AGREEMENT,SUBJECTIVE,100,NONIRONIC,0.1255458562,0.2016881114,0.1977207209,0.1096775265,0.2105116478,0.1548561372,0
1319,P+,AGREEMENT,SUBJECTIVE,92,NONIRONIC,0.0745346575,0.1055821056,0.1342231378,0.2017085097,0.4195096462,0.0644419432,0
1320,N,DISAGREEMENT,OBJECTIVE,94,NONIRONIC,0.098903039,0.1247592726,0.089019268,0.1042360413,0.3511697285,0.2319126506,1
1321,N,DISAGREEMENT,OBJECTIVE,94,NONIRONIC,0.0489254766,0.043449638,0.1165319009,0.2536109164,0.491753371,0.0457286972,0
1322,NONE,AGREEMENT,OBJECTIVE,100,NONIRONIC,0.2675749008,0.1599052978,0.0547441456,0.0,0.2282845025,0.2894911533,1
1323,N,AGREEMENT,SUBJECTIVE,98,NONIRONIC,0.023497819,0.2290131013,0.2544349199,0.0401866319,0.4037472277,0.0491203003,0
1324,P+,AGREEMENT,OBJECTIVE,92,NONIRONIC,0.0360327323,0.2107116863,0.1851090036,0.3232232469,0.103806255,0.1411170758,0
1325,P,AGREEMENT,OBJECTIVE,92,NONIRONIC,0.1879742937,0.0575612857,0.0563078311,0.0644780845,0.4527025628,0.1809759422,1
1326,N,DISAGREEMENT,SUBJECTIVE,94,NONIRONIC,0.0926193625,0.134518973,0.1552374121,0.0468216632,0.4030588258,0.1677437634,0
1327,NEU,DISAGREEMENT,OBJECTIVE,94,NONIRONIC,0.1019248475,0.1849363019,0.128583619,0.1701217426,0.2572853758,0.1571481132,1
1328,P,DISAGREEMENT,SUBJECTIVE,86,NONIRONIC,0.1382977018,0.176579868,0.1373679261,0.1549208571,0.2383099688,0.1545236781,1
1329,P,AGREEMENT,OBJECTIVE,100,NONIRONIC,0.1462482076,0.1341339448,0.1377091108,0.0555361738,0.252320178,0.274052385,0
1330,N,AGREEMENT,SUBJECTIVE,92,NONIRONIC,0.0467908348,0.0895814535,0.1413430666,0.1346069931,0.5263179429,0.061359709,0
1331,NEU,DISAGREEMENT,OBJECTIVE,86,NONIRONIC,0.0702822744,0.1105408511,0.1194179423,0.0736839568,0.538190226,0.0878847493,1
1332,NONE,AGREEMENT,SUBJECTIVE,100,NONIRONIC,0.078197007,0.4494394143,0.2343382347,0.0187271747,0.0706403728,0.1486577966,0
1333,N,AGREEMENT,OBJECTIVE,100,NONIRONIC,0.0389288395,0.2005650651,0.2237686633,0.216680581,0.1378834085,0.1821734427,0
1334,P,AGREEMENT,SUBJECTIVE,92,NONIRONIC,0.0350347317,0.249851698,0.2193795907,0.0876152524,0.3027803008,0.1053384263,0
1335,P+,AGREEMENT,SUBJECTIVE,98,NONIRONIC,0.190807662,0.1971851863,0.1185732895,0.0887920966,0.2443792355,0.16026253,1
1336,N,AGREEMENT,SUBJECTIVE,100,NONIRONIC,0.0851678378,0.2886952987,0.3048375191,0.0601328784,0.1809947184,0.0801717476,0
1337,N,AGREEMENT,SUBJECTIVE,100,NONIRONIC,0.0467267609,0.1767751339,0.1799148524,0.0692505224,0.4336380812,0.0936946493,1
1338,NEU,DISAGREEMENT,SUBJECTIVE,86,NONIRONIC,0.031335414,0.0886296586,0.1127843528,0.0219187204,0.6397674543,0.1055643999,0
1339,P+,AGREEMENT,OBJECTIVE,92,NONIRONIC,0.1629298922,0.1932311946,0.1319959168,0.0501397836,0.3179566497,0.1437465631,0
1340,P,AGREEMENT,SUBJECTIVE,92,NONIRONIC,0.0464242368,0.1824800293,0.4001197182,0.0755177995,0.2398469469,0.0556112694,0
1341,N,AGREEMENT,OBJECTIVE,100,NONIRONIC,0.2690994204,0.0996263118,0.0567630202,0.0222183639,0.3927395254,0.1595533583,0
1342,N,AGREEMENT,OBJECTIVE,92,NONIRONIC,0.1244703701,0.1063627968,0.1356359176,0.1071862758,0.4241622899,0.1021823498,1
1343,N,DISAGREEMENT,SUBJECTIVE,92,NONIRONIC,0.1593543079,0.0719667177,0.1025530695,0.0233954657,0.3314286627,0.3113017764,0
1344,N,AGREEMENT,OBJECTIVE,92,NONIRONIC,0.1547325222,0.2008460946,0.0963349778,0.1180124325,0.2199863787,0.2100875943,1
1345,N,AGREEMENT,OBJECTIVE,100,NONIRONIC,0.1244658793,0.1465233635,0.1227187393,0.0869750469,0.242430253,0.2768867181,0
1346,NONE,AGREEMENT,OBJECTIVE,100,NONIRONIC,0.035644069,0.1799430347,0.2651873173,0.1383476112,0.3092797134,0.0715982544,1
1347,NEU,DISAGREEMENT,SUBJECTIVE,94,NONIRONIC,0.2243541033,0.2036351781,0.1200652889,0.0409137025,0.1309142932,0.2801174341,1
1348,N,AGREEMENT,SUBJECTIVE,100,NONIRONIC,0.0256257146,0.0906587881,0.1287492341,0.3778463133,0.3358408443,0.0412791055,1
1349,NONE,AGREEMENT,OBJECTIVE,100,NONIRONIC,0.0885259464,0.1884482518,0.2442627701,0.1115468106,0.2741095421,0.0931066791,1
1350,N,AGREEMENT,OBJECTIVE,100,NONIRONIC,0.0559655214,0.165732441,0.2048939451,0.1934134842,0.2737096495,0.1062849589,1
1351,P,AGREEMENT,SUBJECTIVE,100,NONIRONIC,0.0552168643,0.1396824309,0.1398948584,0.3516296073,0.2252066976,0.0883695415,0
1352,N,AGREEMENT,SUBJECTIVE,100,NONIRONIC,0.0603500437,0.2245546237,0.2817302257,0.0287640588,0.3132809751,0.091320073,1
1353,N,DISAGREEMENT,OBJECTIVE,94,NONIRONIC,0.037450535,0.1881895719,0.1843061979,0.0908719342,0.4242507627,0.0749309982,1
1354,NONE,AGREEMENT,OBJECTIVE,100,NONIRONIC,0.1689505914,0.1608692136,0.2543357306,0.0,0.2542059405,0.1616385239,1
1355,N+,AGREEMENT,OBJECTIVE,100,NONIRONIC,0.1308538016,0.2157743491,0.1746233698,0.1493973355,0.1543483397,0.1750028044,0
1356,NEU,DISAGREEMENT,OBJECTIVE,94,NONIRONIC,0.0837114391,0.246849214,0.1574739373,0.1299093141,0.2603408416,0.1217152539,1
1357,N+,AGREEMENT,OBJECTIVE,100,NONIRONIC,0.1150332963,0.1064270618,0.1479653753,0.1485012909,0.3868320133,0.0952409625,0
1358,N,DISAGREEMENT,SUBJECTIVE,94,NONIRONIC,0.1261516758,0.1778194304,0.1537369896,0.1931319567,0.2221245939,0.1270353536,1
1359,N,AGREEMENT,SUBJECTIVE,92,NONIRONIC,0.2493502659,0.0732421314,0.1038981471,0.0217132629,0.2025306442,0.3492655485,0
1360,NONE,AGREEMENT,OBJECTIVE,100,NONIRONIC,0.0974158194,0.2794340882,0.1641832271,0.0947029446,0.0928468819,0.2714170389,0
1361,N,AGREEMENT,OBJECTIVE,100,NONIRONIC,0.0992524038,0.2102335975,0.1441195964,0.0993531332,0.2034217123,0.2436195567,0
1362,P,DISAGREEMENT,SUBJECTIVE,94,NONIRONIC,0.1140726389,0.1476252745,0.1555331168,0.1262777878,0.3204272477,0.1360639342,1
1363,P,AGREEMENT,OBJECTIVE,100,NONIRONIC,0.2267133579,0.0558093026,0.0290015759,0.024069252,0.2348164553,0.4295900562,0
1364,NONE,AGREEMENT,OBJECTIVE,100,NONIRONIC,0.2655781503,0.1813234323,0.1280375061,0.0478870565,0.1048240929,0.2723497619,0
1365,P,AGREEMENT,SUBJECTIVE,100,NONIRONIC,0.1980201719,0.2630449824,0.1364476972,0.0787424775,0.1080553322,0.2156893387,0
1366,N+,AGREEMENT,OBJECTIVE,100,NONIRONIC,0.0129925425,0.0701628475,0.1909653374,0.0248425728,0.6878281033,0.0132085964,1
1367,N,DISAGREEMENT,OBJECTIVE,94,NONIRONIC,0.0574196692,0.1088127681,0.1232766819,0.1355288988,0.5319454466,0.0430165353,1
1368,N,DISAGREEMENT,SUBJECTIVE,92,NONIRONIC,0.1792364159,0.2523526004,0.15318605,0.0411360294,0.1268847506,0.2472041536,0
1369,N,DISAGREEMENT,SUBJECTIVE,94,NONIRONIC,0.0434319979,0.0604771236,0.1001215199,0.1182570593,0.6310818938,0.0466304054,0
1370,N,DISAGREEMENT,OBJECTIVE,94,NONIRONIC,0.0615987112,0.1254782305,0.2251070416,0.2704811395,0.2635574125,0.0537774646,1
1371,N,DISAGREEMENT,OBJECTIVE,86,NONIRONIC,0.0430600632,0.1069681677,0.2409651322,0.1871667371,0.3722131412,0.0496267587,0
1372,N,DISAGREEMENT,SUBJECTIVE,86,NONIRONIC,0.0663561447,0.0690782902,0.0904070897,0.0585727186,0.6821962826,0.0333894742,1
1373,P,AGREEMENT,SUBJECTIVE,92,NONIRONIC,0.08953349,0.1487725415,0.1287202479,0.0618012989,0.4136177786,0.157554643,0
1374,NEU,DISAGREEMENT,SUBJECTIVE,86,NONIRONIC,0.0671863538,0.3317672544,0.2548094312,0.0666390257,0.1543582724,0.1252396624,0
1375,N,AGREEMENT,OBJECTIVE,100,NONIRONIC,0.0854429961,0.2359291997,0.1802962094,0.1004962445,0.2407178991,0.1571174511,1
1376,NONE,AGREEMENT,SUBJECTIVE,100,NONIRONIC,0.1310679511,0.3714162595,0.1670968321,0.0850236009,0.0708711748,0.1745241817,1
1377,N,DISAGREEMENT,SUBJECTIVE,94,NONIRONIC,0.1489246002,0.2360614636,0.1770544904,0.0471607332,0.2927485581,0.0980501545,1
1378,P,AGREEMENT,SUBJECTIVE,100,NONIRONIC,0.1188149583,0.1843933234,0.1978598197,0.1674786886,0.179841737,0.151611473,0
1379,N,DISAGREEMENT,SUBJECTIVE,86,NONIRONIC,0.0893098014,0.2818589335,0.1143983927,0.0666775583,0.3433958542,0.1043594599,0
1380,N+,AGREEMENT,OBJECTIVE,100,NONIRONIC,0.0711713601,0.2612931832,0.1790322428,0.0195663679,0.2113993754,0.2575374706,1
1381,N,DISAGREEMENT,SUBJECTIVE,86,NONIRONIC,0.1643183383,0.1482142672,0.1001694676,0.1081117176,0.231909823,0.2472763863,1
1382,P,AGREEMENT,OBJECTIVE,92,NONIRONIC,0.0500908151,0.1791407205,0.2238350482,0.1363882415,0.3015506485,0.1089945262,0
1383,N+,AGREEMENT,OBJECTIVE,92,NONIRONIC,0.1627662306,0.2231370749,0.1064208115,0.0696853647,0.2537751405,0.1842153778,0
1384,P,AGREEMENT,SUBJECTIVE,92,NONIRONIC,0.0816100709,0.2200312977,0.3639014407,0.0518781571,0.1979606867,0.0846183469,0
1385,NEU,DISAGREEMENT,SUBJECTIVE,94,NONIRONIC,0.0785684287,0.132215657,0.101342556,0.0384494028,0.5739056765,0.0755182789,0
1386,NONE,AGREEMENT,OBJECTIVE,100,NONIRONIC,0.0288189173,0.3181006435,0.277013165,0.0885792434,0.2007766056,0.0867114252,0
1387,N,AGREEMENT,SUBJECTIVE,100,NONIRONIC,0.0846734257,0.1731518215,0.4927925293,0.0567637488,0.1271649177,0.065453557,0
1388,NONE,AGREEMENT,OBJECTIVE,100,NONIRONIC,0.393873481,0.1037578509,0.0815913915,0.0307240176,0.1737833401,0.2162699188,0
1389,N,AGREEMENT,OBJECTIVE,100,NONIRONIC,0.0742349557,0.1536942219,0.1529415408,0.1968795685,0.2459824627,0.1762672504,0
1390,P,AGREEMENT,SUBJECTIVE,100,NONIRONIC,0.1004851763,0.201577705,0.1973365342,0.0455752067,0.3177101112,0.1373152665,1
1391,P,AGREEMENT,SUBJECTIVE,100,NONIRONIC,0.1098590866,0.3011043233,0.1192431192,0.1333986288,0.1366323459,0.1997624963,0
1392,P,DISAGREEMENT,SUBJECTIVE,82,IRONIC,0.2863495232,0.1697481523,0.1041593519,0.0511234057,0.1467847397,0.2418348272,1
1393,NONE,AGREEMENT,OBJECTIVE,100,NONIRONIC,0.1151677949,0.1687373383,0.154751052,0.1832753752,0.2550182054,0.1230502342,0
1394,P,DISAGREEMENT,OBJECTIVE,86,NONIRONIC,0.0612076181,0.1590002838,0.1499252814,0.0734723496,0.393628243,0.1627662241,0
1395,NONE,AGREEMENT,OBJECTIVE,100,NONIRONIC,0.0503203135,0.0970148979,0.2347278875,0.2120752544,0.3705004645,0.0353611823,1
1396,N+,AGREEMENT,OBJECTIVE,100,NONIRONIC,0.1723545588,0.2431893924,0.1427305313,0.0740009799,0.1569110537,0.2108134839,0
1397,N+,AGREEMENT,OBJECTIVE,100,NONIRONIC,0.1090653738,0.2311756154,0.2589742603,0.0396591538,0.2107581279,0.1503674688,1
1398,N+,AGREEMENT,SUBJECTIVE,98,NONIRONIC,0.0762820843,0.2040400362,0.3210897902,0.0474993125,0.2490386193,0.1020501576,0
1399,NEU,DISAGREEMENT,OBJECTIVE,86,NONIRONIC,0.1137744763,0.1784638913,0.0832601889,0.0794414059,0.4315405061,0.1135195315,1
1400,N,DISAGREEMENT,SUBJECTIVE,94,NONIRONIC,0.0251511166,0.1422605173,0.1358839857,0.0625132062,0.5909557706,0.0432354036,0
1401,N,AGREEMENT,OBJECTIVE,92,NONIRONIC,0.1179453942,0.2931787918,0.265834605,0.0437687159,0.1507468459,0.1285256472,0
1402,NEU,DISAGREEMENT,OBJECTIVE,94,NONIRONIC,0.0277675201,0.0987907154,0.1782094801,0.1184632087,0.5364420247,0.0403270511,1
1403,P,AGREEMENT,SUBJECTIVE,92,NONIRONIC,0.2828378465,0.13788328,0.1840323587,0.0455134247,0.1595909478,0.1901421422,1
1404,NONE,AGREEMENT,OBJECTIVE,100,NONIRONIC,0.2234505646,0.0991164095,0.1373258318,0.0813560361,0.2787747913,0.1799763666,1
1405,NONE,AGREEMENT,OBJECTIVE,100,NONIRONIC,0.115935897,0.1826798143,0.1428676387,0.0804762477,0.2683726637,0.2096677387,0
1406,N,DISAGREEMENT,SUBJECTIVE,94,NONIRONIC,0.1129438896,0.2982749368,0.2022889795,0.0654262581,0.1631000897,0.1579658463,0
1407,NONE,AGREEMENT,OBJECTIVE,100,NONIRONIC,0.1641120605,0.3572976611,0.215597505,0.0221512952,0.050440665,0.1904008133,0
1408,NONE,AGREEMENT,OBJECTIVE,100,NONIRONIC,0.0998380299,0.1898708812,0.1516122236,0.1593121268,0.2206935757,0.1786731629,0
1409,NONE,AGREEMENT,OBJECTIVE,100,NONIRONIC,0.0938974888,0.2371829585,0.1659505169,0.0706694726,0.2934656298,0.1388339333,0
1410,NONE,AGREEMENT,OBJECTIVE,100,NONIRONIC,0.0238001724,0.3112763011,0.1989408991,0.2097930137,0.1566478833,0.0995417304,1
1411,N,DISAGREEMENT,SUBJECTIVE,92,NONIRONIC,0.1926557259,0.0835431564,0.1686206622,0.0205703506,0.4196208041,0.1149893009,0
1412,N,AGREEMENT,OBJECTIVE,100,NONIRONIC,0.0654610259,0.1805030182,0.2271840579,0.1591403814,0.273489722,0.0942217947,0
1413,N,AGREEMENT,SUBJECTIVE,100,NONIRONIC,0.05721383,0.1984692522,0.2108333301,0.0939772215,0.3471444608,0.0923619053,1
1414,P,AGREEMENT,OBJECTIVE,100,NONIRONIC,0.1406481016,0.1280314151,0.1231086374,0.0844008538,0.3104905946,0.2133203974,1
1415,N+,AGREEMENT,SUBJECTIVE,100,NONIRONIC,0.0462555968,0.0933589717,0.0815663346,0.4835613505,0.2282921512,0.0669655953,0
1416,NONE,AGREEMENT,OBJECTIVE,100,NONIRONIC,0.0297695851,0.1854644029,0.2046395006,0.2446895771,0.2162714503,0.119165484,1
1417,P,AGREEMENT,OBJECTIVE,100,NONIRONIC,0.1191165463,0.1687952978,0.0933302508,0.0889782107,0.271716583,0.2580631114,0
1418,N+,AGREEMENT,SUBJECTIVE,98,NONIRONIC,0.0381681339,0.1287326766,0.6176469756,0.0653536423,0.1340123639,0.0160862077,1
1419,N,AGREEMENT,OBJECTIVE,100,NONIRONIC,0.0424848956,0.2321026049,0.1828654062,0.1851016569,0.2472597507,0.1101856858,0
1420,N,AGREEMENT,OBJECTIVE,92,NONIRONIC,0.1280019528,0.1379245064,0.264551639,0.1377281349,0.2180864583,0.1137073087,0
1421,N,AGREEMENT,SUBJECTIVE,100,NONIRONIC,0.0478260399,0.1819317665,0.2485789798,0.0696372403,0.394678198,0.0573477755,1
1422,N+,AGREEMENT,SUBJECTIVE,98,NONIRONIC,0.0179580098,0.1463362778,0.300589705,0.1005982621,0.4048985518,0.0296191936,0
1423,N,AGREEMENT,OBJECTIVE,100,NONIRONIC,0.1698207147,0.2802013225,0.1294317703,0.0623586921,0.1347213175,0.2234661827,1
1424,P,AGREEMENT,SUBJECTIVE,100,NONIRONIC,0.0373040819,0.2037925157,0.3267095901,0.0922720915,0.2835105071,0.0564112137,1
1425,NONE,AGREEMENT,OBJECTIVE,100,NONIRONIC,0.0966869378,0.201707738,0.2825365344,0.0234295221,0.2331487304,0.1624905373,0
1426,N,AGREEMENT,OBJECTIVE,92,NONIRONIC,0.0916870788,0.1294127022,0.1493638407,0.1233045768,0.3872564573,0.1189753442,1
1427,P+,AGREEMENT,SUBJECTIVE,100,NONIRONIC,0.177930603,0.199617839,0.343641807,0.0668880186,0.0560671754,0.155854557,0
1428,N,DISAGREEMENT,SUBJECTIVE,94,NONIRONIC,0.1398165611,0.1945914575,0.1489778009,0.0351963705,0.3623118898,0.1191059203,1
1429,P,DISAGREEMENT,SUBJECTIVE,86,NONIRONIC,0.3230450591,0.163164675,0.0835600086,0.0957081223,0.1372938196,0.1972283155,0
1430,NONE,AGREEMENT,OBJECTIVE,100,NONIRONIC,0.253653093,0.1484171483,0.0379394841,0.0225123854,0.1032402009,0.4342376883,0
1431,P,AGREEMENT,SUBJECTIVE,92,NONIRONIC,0.071998286,0.2773395836,0.122314104,0.0547223583,0.3236512779,0.1499743903,0
1432,NEU,DISAGREEMENT,SUBJECTIVE,94,NONIRONIC,0.0248783521,0.0747744679,0.1152091583,0.0869574131,0.6613900489,0.0367905597,0
1433,P,DISAGREEMENT,SUBJECTIVE,94,NONIRONIC,0.0374856537,0.1151964284,0.1745863162,0.1239413622,0.4882261483,0.0605640912,0
1434,NEU,DISAGREEMENT,SUBJECTIVE,86,NONIRONIC,0.0217090231,0.2062614712,0.1617788305,0.3958228728,0.0894330036,0.1249947988,0
1435,NONE,AGREEMENT,OBJECTIVE,100,NONIRONIC,0.0425398397,0.1897080287,0.3246085807,0.0732154316,0.288911601,0.0810165182,1
1436,N+,AGREEMENT,OBJECTIVE,100,NONIRONIC,0.0487718902,0.1729598666,0.1564205704,0.0879641167,0.4231666605,0.1107168956,1
1437,N,AGREEMENT,SUBJECTIVE,100,NONIRONIC,0.1379915447,0.3349300741,0.2132130345,0.0340649501,0.1103776305,0.169422766,0
1438,NEU,AGREEMENT,OBJECTIVE,100,NONIRONIC,0.0538720299,0.2545190257,0.2012115937,0.1305524119,0.2524143572,0.1074305817,0
1439,N,DISAGREEMENT,OBJECTIVE,94,NONIRONIC,0.1170778109,0.1439099669,0.1350814289,0.071585147,0.3203114467,0.2120341996,1
1440,N,AGREEMENT,OBJECTIVE,92,NONIRONIC,0.1150551906,0.2017366257,0.2225957868,0.0929378431,0.2148169881,0.1528575656,0
1441,NEU,DISAGREEMENT,OBJECTIVE,94,NONIRONIC,0.0480191224,0.2633423411,0.2338397325,0.0583130529,0.3147323264,0.0817534248,1
1442,N,DISAGREEMENT,SUBJECTIVE,94,NONIRONIC,0.2597068019,0.0792483175,0.0679334428,0.0577331033,0.3091216649,0.2262566696,0
1443,NEU,DISAGREEMENT,OBJECTIVE,86,NONIRONIC,0.0904530634,0.1540851222,0.236962517,0.1097868487,0.3040407913,0.1046716574,0
1444,P+,AGREEMENT,OBJECTIVE,92,NONIRONIC,0.0672991879,0.2384718114,0.1253065281,0.0392050674,0.4356103782,0.094107027,0
1445,N,AGREEMENT,SUBJECTIVE,100,NONIRONIC,0.0977950765,0.0844464504,0.1125668066,0.1718111447,0.4752749305,0.0581055913,0
1446,N,AGREEMENT,OBJECTIVE,100,NONIRONIC,0.1225543485,0.2009011127,0.1135830938,0.1204017251,0.168901291,0.2736584289,0
1447,P,AGREEMENT,OBJECTIVE,100,NONIRONIC,0.2482277203,0.070362845,0.1598683302,0.111913847,0.2335397212,0.1760875364,0
1448,N,AGREEMENT,OBJECTIVE,100,NONIRONIC,0.0610462615,0.0867576661,0.0848145505,0.0662645993,0.6090595738,0.0920573488,1
1449,NONE,AGREEMENT,OBJECTIVE,100,NONIRONIC,0.1064552542,0.3424837138,0.1306465764,0.0626103808,0.1164490282,0.2413550466,0
1450,N,DISAGREEMENT,SUBJECTIVE,86,NONIRONIC,0.1454774566,0.1199027705,0.2672634985,0.0405090234,0.1427805412,0.2840667098,1
1451,P,DISAGREEMENT,SUBJECTIVE,86,NONIRONIC,0.0364693153,0.0981611259,0.1351033497,0.1346364449,0.5606505136,0.0349792506,1
1452,N,AGREEMENT,SUBJECTIVE,100,NONIRONIC,0.2476387786,0.200534114,0.1272371105,0.0683701533,0.1821832134,0.1740366301,1
1453,NONE,AGREEMENT,OBJECTIVE,100,NONIRONIC,0.0370687283,0.1252706231,0.2583209154,0.1663753781,0.3573386209,0.0556257342,0
1454,P,AGREEMENT,SUBJECTIVE,92,NONIRONIC,0.161462629,0.191119088,0.453156322,0.0135588797,0.1086322595,0.0720708217,0
1455,P,AGREEMENT,OBJECTIVE,100,NONIRONIC,0.1472090381,0.0661429855,0.0859246273,0.3173054429,0.3464399098,0.0369779963,0
1456,NONE,AGREEMENT,OBJECTIVE,100,NONIRONIC,0.1412301973,0.1984639176,0.1332138046,0.062307256,0.3031075817,0.1616772429,0
1457,N+,AGREEMENT,SUBJECTIVE,100,NONIRONIC,0.0756318081,0.2905965215,0.1987212033,0.0671246473,0.2709809221,0.0969448977,1
1458,P,DISAGREEMENT,SUBJECTIVE,86,NONIRONIC,0.1056345365,0.0863718289,0.128918009,0.1572822683,0.4631897224,0.0586036349,0
1459,N,AGREEMENT,OBJECTIVE,92,NONIRONIC,0.1205075649,0.113520496,0.1495539846,0.149382099,0.3450312088,0.1220046466,1
1460,P,AGREEMENT,SUBJECTIVE,100,NONIRONIC,0.2114157468,0.1668569622,0.1460809576,0.2170141028,0.0742764213,0.1843558094,0
1461,N,AGREEMENT,SUBJECTIVE,100,NONIRONIC,0.0887385774,0.1724407223,0.2423050004,0.07188758,0.3039680692,0.1206600508,0
1462,NONE,AGREEMENT,OBJECTIVE,100,NONIRONIC,0.1712917371,0.1666745431,0.1282140665,0.096583057,0.1555505476,0.2816860487,0
1463,NONE,AGREEMENT,OBJECTIVE,100,NONIRONIC,0.2136579268,0.1614340874,0.1621147884,0.0,0.2073703475,0.25542285,1
1464,P,AGREEMENT,SUBJECTIVE,100,NONIRONIC,0.3808827781,0.0602865108,0.0386910907,0.0287073441,0.1409241665,0.3505081097,1
1465,P,AGREEMENT,OBJECTIVE,100,NONIRONIC,0.032901588,0.140882077,0.3251952458,0.03504972,0.4216581944,0.0443131749,0
1466,P+,AGREEMENT,SUBJECTIVE,92,NONIRONIC,0.2140043018,0.1691347815,0.1373553892,0.0356813832,0.1432087346,0.3006154096,1
1467,P+,DISAGREEMENT,SUBJECTIVE,94,NONIRONIC,0.260231265,0.1503729774,0.0509267669,0.1301288013,0.1702375827,0.2381026067,0
1468,N,AGREEMENT,OBJECTIVE,100,NONIRONIC,0.0288339933,0.2308116302,0.2124414172,0.2565721189,0.1195750087,0.1517658317,0
1469,N,AGREEMENT,SUBJECTIVE,97,NONIRONIC,0.0400317698,0.1352956392,0.104724606,0.1335234694,0.5279216696,0.0585028461,0
1470,N,AGREEMENT,SUBJECTIVE,97,NONIRONIC,0.0598472869,0.1262209356,0.1987198662,0.0716039738,0.4436105069,0.0999974307,0
1471,NEU,DISAGREEMENT,OBJECTIVE,94,NONIRONIC,0.0469215402,0.2355667068,0.2697619296,0.0650031299,0.2925401837,0.0902065098,1
1472,P,AGREEMENT,SUBJECTIVE,100,NONIRONIC,0.1301789085,0.2828350469,0.1942704398,0.0972479716,0.1248328902,0.170634743,0
1473,N,AGREEMENT,SUBJECTIVE,100,NONIRONIC,0.051083162,0.1317286006,0.1794349932,0.2895894689,0.2860960617,0.0620677136,0
1474,NEU,DISAGREEMENT,SUBJECTIVE,94,NONIRONIC,0.0651215215,0.3045154633,0.2292075,0.09414915,0.1799657698,0.1270405956,1
1475,NEU,DISAGREEMENT,SUBJECTIVE,94,NONIRONIC,0.2874947088,0.1069460727,0.0435349389,0.02004435,0.1827802592,0.3591996705,0
1476,P,DISAGREEMENT,SUBJECTIVE,92,NONIRONIC,0.0420438451,0.1609846652,0.1350013439,0.0625524347,0.5353121879,0.064105523,1
1477,P,AGREEMENT,OBJECTIVE,100,NONIRONIC,0.046124321,0.1501468326,0.2008036309,0.3731241431,0.1520917753,0.077709297,0
1478,N+,AGREEMENT,OBJECTIVE,100,NONIRONIC,0.1251694106,0.1596199797,0.2332587341,0.0507063185,0.293972099,0.1372734583,0
1479,N+,AGREEMENT,OBJECTIVE,100,NONIRONIC,0.1074507294,0.1917266074,0.1567329745,0.1489320049,0.1635503211,0.2316073626,0
1480,N,AGREEMENT,SUBJECTIVE,100,NONIRONIC,0.0289193456,0.1032310938,0.1152827303,0.0916477237,0.5898262997,0.0710928069,0
1481,N,DISAGREEMENT,SUBJECTIVE,94,NONIRONIC,0.1055752022,0.1140115619,0.1323157086,0.1824500673,0.2806388459,0.185008614,0
1482,P,AGREEMENT,OBJECTIVE,100,NONIRONIC,0.2098942414,0.2056975414,0.1879530894,0.0365853441,0.1928595983,0.1670101854,0
1483,N+,AGREEMENT,SUBJECTIVE,100,NONIRONIC,0.0468177265,0.1229088129,0.114112291,0.0890807008,0.5648900803,0.0621903885,0
1484,N+,AGREEMENT,SUBJECTIVE,100,NONIRONIC,0.0791209621,0.1170351747,0.1122175593,0.1069022336,0.5135729403,0.0711511301,1
1485,NEU,DISAGREEMENT,SUBJECTIVE,94,NONIRONIC,0.0604359093,0.2175500088,0.547663739,0.0354266047,0.0716671605,0.0672565777,0
1486,P,AGREEMENT,OBJECTIVE,100,NONIRONIC,0.157461839,0.0980796642,0.0841742582,0.0514431866,0.4705121883,0.1383288637,0
1487,N,AGREEMENT,SUBJECTIVE,100,NONIRONIC,0.0521054782,0.2259821542,0.1834397145,0.0403774009,0.3852760289,0.1128192233,1
1488,P,AGREEMENT,OBJECTIVE,100,NONIRONIC,0.0456602308,0.1696240999,0.1599751444,0.2998792372,0.2374681562,0.0873931316,0
1489,P,AGREEMENT,SUBJECTIVE,100,NONIRONIC,0.0259997089,0.293476983,0.3409176519,0.052198512,0.18693099,0.1004761542,1
1490,N,DISAGREEMENT,OBJECTIVE,92,NONIRONIC,0.0676983669,0.2479905908,0.3428438858,0.113572511,0.1172007861,0.1106938595,0
1491,NONE,AGREEMENT,OBJECTIVE,100,NONIRONIC,0.0333675434,0.2009831136,0.1455864877,0.3985557804,0.1088199028,0.112687172,0
1492,N,AGREEMENT,SUBJECTIVE,100,NONIRONIC,0.0595743827,0.1113686687,0.2435571624,0.0475307182,0.4781090067,0.0598600613,0
1493,NEU,DISAGREEMENT,OBJECTIVE,94,NONIRONIC,0.1034310682,0.1737205365,0.1540542284,0.0699094084,0.3141867379,0.1846980207,1
1494,P+,AGREEMENT,SUBJECTIVE,92,NONIRONIC,0.0703270072,0.0780336639,0.1023321421,0.0661707111,0.6307597059,0.0523767698,0
1495,P,AGREEMENT,SUBJECTIVE,100,NONIRONIC,0.1256425945,0.0801235568,0.0577426774,0.3956141656,0.1882185209,0.1526584847,0
1496,N,AGREEMENT,SUBJECTIVE,100,NONIRONIC,0.0671591221,0.1116938786,0.1895534444,0.1944331835,0.3643803653,0.072780006,1
1497,P,DISAGREEMENT,SUBJECTIVE,76,IRONIC,0.0611128999,0.103581838,0.1322817565,0.243486948,0.3836226727,0.0759138849,0
1498,NONE,AGREEMENT,OBJECTIVE,100,NONIRONIC,0.3319699262,0.0941804794,0.1378009892,0.0695863841,0.1193717942,0.2470904268,1
1499,N+,AGREEMENT,SUBJECTIVE,100,NONIRONIC,0.0432731854,0.089686031,0.1594188357,0.1565916146,0.4911736899,0.0598566434,0
1500,NONE,AGREEMENT,SUBJECTIVE,100,NONIRONIC,0.0950363136,0.2648462482,0.2316758342,0.0889255923,0.1931344941,0.1263815176,1
